0.000000000000000000e+00 0.000000000000000000e+00 2.665821202005290089e-02 8.631541228041871364e-03 1.382668273000853959e-02 1.065225905212684177e-02 9.401396687981636302e-03 4.794996503919718434e-02 2.486708072793211363e-02 1.604240026339286695e-01 9.917216650317613180e-02 2.921219835865769207e-02 2.904867179013055981e-02 0.000000000000000000e+00 3.210166554120808674e-02 1.331533394690817725e-02 1.300706422077983759e-01 0.000000000000000000e+00 7.846571156407081138e-02 1.678529421430622337e-01 1.183495278257181427e-01
0.000000000000000000e+00 0.000000000000000000e+00 0.000000000000000000e+00 0.000000000000000000e+00 1.363018316472936267e-02 1.093843291177684987e-02 4.703171540348639553e-04 3.323475677237595211e-02 1.303194988642464823e-02 1.418353147632727962e-01 8.277187878977632085e-02 8.139113932015502872e-02 5.482689735831465516e-02 0.000000000000000000e+00 2.335928187053201363e-02 4.724939259751473526e-04 1.232851904725689868e-01 0.000000000000000000e+00 1.308499100293739337e-01 1.328700218851119053e-01 1.570322316955776176e-01
2.383664835068315460e-03 0.000000000000000000e+00 0.000000000000000000e+00 0.000000000000000000e+00 2.057902691430244305e-02 8.069976400785289911e-03 1.610473410998083292e-03 2.686261528018325795e-02 1.315620677581052014e-02 1.098271781004566822e-01 6.831611626400570236e-02 1.117620382707238263e-01 6.861505225575800782e-02 0.000000000000000000e+00 2.214004209140765095e-02 3.499873183100210908e-04 1.027110361684253903e-01 0.000000000000000000e+00 1.726223291156268325e-01 8.845572753402762556e-02 1.825385292641102664e-01
0.000000000000000000e+00 0.000000000000000000e+00 0.000000000000000000e+00 0.000000000000000000e+00 1.237779166797452202e-02 6.384725122977979311e-03 0.000000000000000000e+00 1.121505938203609318e-02 0.000000000000000000e+00 9.619569726356549944e-02 4.925977314260960443e-02 1.519053238877792478e-01 8.448813743014604860e-02 0.000000000000000000e+00 8.029324628115395643e-03 0.000000000000000000e+00 9.600269109549500191e-02 0.000000000000000000e+00 2.117370637426434776e-01 6.401142919874744375e-02 2.083929834379097401e-01
0.000000000000000000e+00 0.000000000000000000e+00 0.000000000000000000e+00 0.000000000000000000e+00 8.405082174274677506e-03 4.783392153247491112e-03 0.000000000000000000e+00 2.208889674043033099e-03 0.000000000000000000e+00 8.247015223681575247e-02 3.573011166775105080e-02 1.801404593573531498e-01 9.581025446780978838e-02 0.000000000000000000e+00 0.000000000000000000e+00 0.000000000000000000e+00 8.735932763035360316e-02 0.000000000000000000e+00 2.370871295892164610e-01 4.160255874286876432e-02 2.244026423062664144e-01
0.000000000000000000e+00 0.000000000000000000e+00 0.000000000000000000e+00 0.000000000000000000e+00 8.010167022996506070e-03 3.368060153775780715e-03 0.000000000000000000e+00 0.000000000000000000e+00 0.000000000000000000e+00 7.072050134561429224e-02 2.723472323089430255e-02 1.973918481499660760e-01 1.048624528910320208e-01 0.000000000000000000e+00 0.000000000000000000e+00 0.000000000000000000e+00 7.965366437934673360e-02 0.000000000000000000e+00 2.517584226852733753e-01 2.249168344331544528e-02 2.345084766977854063e-01
0.000000000000000000e+00 0.000000000000000000e+00 0.000000000000000000e+00 0.000000000000000000e+00 6.923707987794763818e-03 2.129231053635851061e-03 0.000000000000000000e+00 0.000000000000000000e+00 0.000000000000000000e+00 6.196147167384956356e-02 1.950924396165057764e-02 2.106150339457397158e-01 1.139721044036987596e-01 0.000000000000000000e+00 0.000000000000000000e+00 0.000000000000000000e+00 7.410115249654371239e-02 0.000000000000000000e+00 2.627269461173147302e-01 6.145263112024948113e-03 2.419158452477474519e-01
0.000000000000000000e+00 0.000000000000000000e+00 0.000000000000000000e+00 0.000000000000000000e+00 7.369594498999351533e-03 9.883840427649529577e-04 0.000000000000000000e+00 0.000000000000000000e+00 0.000000000000000000e+00 5.451218580088743743e-02 1.418054644263503500e-02 2.187406433904250935e-01 1.217832978584922621e-01 0.000000000000000000e+00 0.000000000000000000e+00 0.000000000000000000e+00 6.916477461911207936e-02 0.000000000000000000e+00 2.684264361844886371e-01 0.000000000000000000e+00 2.448341371621952922e-01
0.000000000000000000e+00 0.000000000000000000e+00 0.000000000000000000e+00 0.000000000000000000e+00 9.122331962192673643e-03 0.000000000000000000e+00 0.000000000000000000e+00 0.000000000000000000e+00 0.000000000000000000e+00 4.785942406731054366e-02 1.086775456642163386e-02 2.234911728624073002e-01 1.280480018564394140e-01 0.000000000000000000e+00 0.000000000000000000e+00 0.000000000000000000e+00 6.474772917295383567e-02 0.000000000000000000e+00 2.707834277842828818e-01 0.000000000000000000e+00 2.450801577279915766e-01
0.000000000000000000e+00 0.000000000000000000e+00 0.000000000000000000e+00 0.000000000000000000e+00 1.088521353650155100e-02 0.000000000000000000e+00 0.000000000000000000e+00 0.000000000000000000e+00 0.000000000000000000e+00 4.216373284882710820e-02 8.190751852934720703e-03 2.269838550615195516e-01 1.335902881898795580e-01 0.000000000000000000e+00 0.000000000000000000e+00 0.000000000000000000e+00 6.116316451451553338e-02 0.000000000000000000e+00 2.722007470428511877e-01 0.000000000000000000e+00 2.448222469529706402e-01
0.000000000000000000e+00 0.000000000000000000e+00 0.000000000000000000e+00 0.000000000000000000e+00 1.251869529627589600e-02 0.000000000000000000e+00 0.000000000000000000e+00 0.000000000000000000e+00 0.000000000000000000e+00 3.726706144791746417e-02 5.869232712325363893e-03 2.297717735963214492e-01 1.385977137887407507e-01 0.000000000000000000e+00 0.000000000000000000e+00 0.000000000000000000e+00 5.831430918004280178e-02 0.000000000000000000e+00 2.731909735600061562e-01 0.000000000000000000e+00 2.444702404183701216e-01
0.000000000000000000e+00 0.000000000000000000e+00 0.000000000000000000e+00 0.000000000000000000e+00 1.395501506771324937e-02 0.000000000000000000e+00 0.000000000000000000e+00 0.000000000000000000e+00 0.000000000000000000e+00 3.295922971190536760e-02 3.658800263233092254e-03 2.321521182476625478e-01 1.432394010138306473e-01 0.000000000000000000e+00 0.000000000000000000e+00 0.000000000000000000e+00 5.610081537735924634e-02 0.000000000000000000e+00 2.738274607875696987e-01 0.000000000000000000e+00 2.441071595307261477e-01
0.000000000000000000e+00 0.000000000000000000e+00 0.000000000000000000e+00 0.000000000000000000e+00 1.530240031427204835e-02 0.000000000000000000e+00 0.000000000000000000e+00 0.000000000000000000e+00 0.000000000000000000e+00 2.863198914691433491e-02 1.503309532203965992e-03 2.350202092753116978e-01 1.471398164531355912e-01 0.000000000000000000e+00 0.000000000000000000e+00 0.000000000000000000e+00 5.440828798109551695e-02 0.000000000000000000e+00 2.739179305813715382e-01 0.000000000000000000e+00 2.440760567156952665e-01
0.000000000000000000e+00 0.000000000000000000e+00 0.000000000000000000e+00 0.000000000000000000e+00 1.701436796222230777e-02 0.000000000000000000e+00 0.000000000000000000e+00 0.000000000000000000e+00 0.000000000000000000e+00 2.480945028187369131e-02 0.000000000000000000e+00 2.371727729893550185e-01 1.502853798985140099e-01 0.000000000000000000e+00 0.000000000000000000e+00 0.000000000000000000e+00 5.306964148632941497e-02 0.000000000000000000e+00 2.737787076757528526e-01 0.000000000000000000e+00 2.438696797059526911e-01
0.000000000000000000e+00 0.000000000000000000e+00 0.000000000000000000e+00 0.000000000000000000e+00 1.784010765138474564e-02 0.000000000000000000e+00 0.000000000000000000e+00 0.000000000000000000e+00 0.000000000000000000e+00 2.147436320520746539e-02 0.000000000000000000e+00 2.387384652994025691e-01 1.529606388541738249e-01 0.000000000000000000e+00 0.000000000000000000e+00 0.000000000000000000e+00 5.204582955345232742e-02 0.000000000000000000e+00 2.734383520374072396e-01 0.000000000000000000e+00 2.435022433989718904e-01
0.000000000000000000e+00 0.000000000000000000e+00 0.000000000000000000e+00 0.000000000000000000e+00 1.828075709554046954e-02 0.000000000000000000e+00 0.000000000000000000e+00 0.000000000000000000e+00 0.000000000000000000e+00 1.858924641129085231e-02 0.000000000000000000e+00 2.400448450212810114e-01 1.553771436755755075e-01 0.000000000000000000e+00 0.000000000000000000e+00 0.000000000000000000e+00 5.136989067817221422e-02 0.000000000000000000e+00 2.731454353108572763e-01 0.000000000000000000e+00 2.431926818072826513e-01
0.000000000000000000e+00 0.000000000000000000e+00 0.000000000000000000e+00 0.000000000000000000e+00 1.752270747764708356e-02 0.000000000000000000e+00 0.000000000000000000e+00 0.000000000000000000e+00 0.000000000000000000e+00 1.608648673391246259e-02 0.000000000000000000e+00 2.413468708306674704e-01 1.576982668312568170e-01 0.000000000000000000e+00 0.000000000000000000e+00 0.000000000000000000e+00 5.110709433101310456e-02 0.000000000000000000e+00 2.731155385855856821e-01 0.000000000000000000e+00 2.431230352099173486e-01
0.000000000000000000e+00 0.000000000000000000e+00 0.000000000000000000e+00 0.000000000000000000e+00 1.691407035474613504e-02 0.000000000000000000e+00 0.000000000000000000e+00 0.000000000000000000e+00 0.000000000000000000e+00 1.388963326015716163e-02 0.000000000000000000e+00 2.423206351148403104e-01 1.596874137081649714e-01 0.000000000000000000e+00 0.000000000000000000e+00 0.000000000000000000e+00 5.124582989995560278e-02 0.000000000000000000e+00 2.729859032759612836e-01 0.000000000000000000e+00 2.429565143861746324e-01
0.000000000000000000e+00 0.000000000000000000e+00 0.000000000000000000e+00 0.000000000000000000e+00 1.636455285229385798e-02 0.000000000000000000e+00 0.000000000000000000e+00 0.000000000000000000e+00 0.000000000000000000e+00 1.195918435293654922e-02 0.000000000000000000e+00 2.429890459591407814e-01 1.613227805129275605e-01 0.000000000000000000e+00 0.000000000000000000e+00 0.000000000000000000e+00 5.192478852747312024e-02 0.000000000000000000e+00 2.727512070495264340e-01 0.000000000000000000e+00 2.426884407457018389e-01
0.000000000000000000e+00 0.000000000000000000e+00 0.000000000000000000e+00 0.000000000000000000e+00 1.549329294091170671e-02 0.000000000000000000e+00 0.000000000000000000e+00 0.000000000000000000e+00 0.000000000000000000e+00 1.026149348087812725e-02 0.000000000000000000e+00 2.433478669971063935e-01 1.625527853867783090e-01 0.000000000000000000e+00 0.000000000000000000e+00 0.000000000000000000e+00 5.363845024828058083e-02 0.000000000000000000e+00 2.724001377865284401e-01 0.000000000000000000e+00 2.423059731595164357e-01
0.000000000000000000e+00 0.000000000000000000e+00 0.000000000000000000e+00 0.000000000000000000e+00 9.511345707011363559e-03 0.000000000000000000e+00 0.000000000000000000e+00 0.000000000000000000e+00 0.000000000000000000e+00 8.791111035052751391e-03 0.000000000000000000e+00 2.436069825606874684e-01 1.633466567611859266e-01 0.000000000000000000e+00 0.000000000000000000e+00 0.000000000000000000e+00 6.019398850395484696e-02 0.000000000000000000e+00 2.723926881991637905e-01 0.000000000000000000e+00 2.421572272329438891e-01
0.000000000000000000e+00 0.000000000000000000e+00 0.000000000000000000e+00 0.000000000000000000e+00 8.743556831399899865e-03 0.000000000000000000e+00 0.000000000000000000e+00 0.000000000000000000e+00 0.000000000000000000e+00 7.553671590732840765e-03 0.000000000000000000e+00 2.432696479586546334e-01 1.640607007845268361e-01 0.000000000000000000e+00 0.000000000000000000e+00 0.000000000000000000e+00 6.252783628835642538e-02 0.000000000000000000e+00 2.722310371406994611e-01 0.000000000000000000e+00 2.416135494056301236e-01
0.000000000000000000e+00 0.000000000000000000e+00 0.000000000000000000e+00 0.000000000000000000e+00 1.018833981910005800e-02 0.000000000000000000e+00 0.000000000000000000e+00 0.000000000000000000e+00 0.000000000000000000e+00 6.476587398160114917e-03 0.000000000000000000e+00 2.428522947725331171e-01 1.646181723358410287e-01 0.000000000000000000e+00 0.000000000000000000e+00 0.000000000000000000e+00 6.292827549387483566e-02 0.000000000000000000e+00 2.719531743948765401e-01 0.000000000000000000e+00 2.409831557856141060e-01
0.000000000000000000e+00 0.000000000000000000e+00 0.000000000000000000e+00 0.000000000000000000e+00 1.124657610338247737e-02 0.000000000000000000e+00 0.000000000000000000e+00 0.000000000000000000e+00 0.000000000000000000e+00 5.538357131065662492e-03 0.000000000000000000e+00 2.427816616963441865e-01 1.653476656122015165e-01 0.000000000000000000e+00 0.000000000000000000e+00 0.000000000000000000e+00 6.246005689154350560e-02 0.000000000000000000e+00 2.719665293400834738e-01 0.000000000000000000e+00 2.406591532253791466e-01
0.000000000000000000e+00 0.000000000000000000e+00 0.000000000000000000e+00 0.000000000000000000e+00 1.190458190496717153e-02 0.000000000000000000e+00 0.000000000000000000e+00 0.000000000000000000e+00 0.000000000000000000e+00 4.712325076916595336e-03 0.000000000000000000e+00 2.429345016877960117e-01 1.661979794050940928e-01 0.000000000000000000e+00 0.000000000000000000e+00 0.000000000000000000e+00 6.158104099983604390e-02 0.000000000000000000e+00 2.721415011882799551e-01 0.000000000000000000e+00 2.405280697371101062e-01
0.000000000000000000e+00 0.000000000000000000e+00 0.000000000000000000e+00 0.000000000000000000e+00 1.232555025019892864e-02 0.000000000000000000e+00 0.000000000000000000e+00 0.000000000000000000e+00 0.000000000000000000e+00 3.979077044092742613e-03 0.000000000000000000e+00 2.432039923427824490e-01 1.671082890133714638e-01 0.000000000000000000e+00 0.000000000000000000e+00 0.000000000000000000e+00 6.051309369979107622e-02 0.000000000000000000e+00 2.723753804981132731e-01 0.000000000000000000e+00 2.404946171516501863e-01
0.000000000000000000e+00 0.000000000000000000e+00 0.000000000000000000e+00 0.000000000000000000e+00 1.263007767781625795e-02 0.000000000000000000e+00 0.000000000000000000e+00 0.000000000000000000e+00 0.000000000000000000e+00 3.324653864214424312e-03 0.000000000000000000e+00 2.435238841310058133e-01 1.680353089022725843e-01 0.000000000000000000e+00 0.000000000000000000e+00 0.000000000000000000e+00 5.937300582310287705e-02 0.000000000000000000e+00 2.726111483180762574e-01 0.000000000000000000e+00 2.405019212835116660e-01
0.000000000000000000e+00 0.000000000000000000e+00 0.000000000000000000e+00 0.000000000000000000e+00 1.286952191086973216e-02 0.000000000000000000e+00 0.000000000000000000e+00 0.000000000000000000e+00 0.000000000000000000e+00 2.738438157475548383e-03 0.000000000000000000e+00 2.438618394843282688e-01 1.689542832267519890e-01 0.000000000000000000e+00 0.000000000000000000e+00 0.000000000000000000e+00 5.822501115898580382e-02 0.000000000000000000e+00 2.728267670621388752e-01 0.000000000000000000e+00 2.405241389994495771e-01
0.000000000000000000e+00 0.000000000000000000e+00 0.000000000000000000e+00 0.000000000000000000e+00 1.306696498494123483e-02 0.000000000000000000e+00 0.000000000000000000e+00 0.000000000000000000e+00 0.000000000000000000e+00 2.211921622198535255e-03 0.000000000000000000e+00 2.442012929483194650e-01 1.698499166168230823e-01 0.000000000000000000e+00 0.000000000000000000e+00 0.000000000000000000e+00 5.710535532149632609e-02 0.000000000000000000e+00 2.730152626291200701e-01 0.000000000000000000e+00 2.405492858771013376e-01
0.000000000000000000e+00 0.000000000000000000e+00 0.000000000000000000e+00 0.000000000000000000e+00 1.323508695954041421e-02 0.000000000000000000e+00 0.000000000000000000e+00 0.000000000000000000e+00 0.000000000000000000e+00 1.738079286233761532e-03 0.000000000000000000e+00 2.445331222555323925e-01 1.707122095992716082e-01 0.000000000000000000e+00 0.000000000000000000e+00 0.000000000000000000e+00 5.603421253651702516e-02 0.000000000000000000e+00 2.731758298824106812e-01 0.000000000000000000e+00 2.405714594804939377e-01
0.000000000000000000e+00 0.000000000000000000e+00 0.000000000000000000e+00 0.000000000000000000e+00 1.338165062528525774e-02 0.000000000000000000e+00 0.000000000000000000e+00 0.000000000000000000e+00 0.000000000000000000e+00 1.310989192328905874e-03 0.000000000000000000e+00 2.448523141628803634e-01 1.715347772425172002e-01 0.000000000000000000e+00 0.000000000000000000e+00 0.000000000000000000e+00 5.502208781658766285e-02 0.000000000000000000e+00 2.733103769850180886e-01 0.000000000000000000e+00 2.405878039753825692e-01
0.000000000000000000e+00 0.000000000000000000e+00 0.000000000000000000e+00 0.000000000000000000e+00 1.351169613278024005e-02 0.000000000000000000e+00 0.000000000000000000e+00 0.000000000000000000e+00 0.000000000000000000e+00 9.255782390164983596e-04 0.000000000000000000e+00 2.451563033721525231e-01 1.723138834546583120e-01 0.000000000000000000e+00 0.000000000000000000e+00 0.000000000000000000e+00 5.407354030009217660e-02 0.000000000000000000e+00 2.734219275197424248e-01 0.000000000000000000e+00 2.405970709815578035e-01
0.000000000000000000e+00 0.000000000000000000e+00 0.000000000000000000e+00 0.000000000000000000e+00 1.362864352155639981e-02 0.000000000000000000e+00 0.000000000000000000e+00 0.000000000000000000e+00 0.000000000000000000e+00 5.774453411606831439e-04 0.000000000000000000e+00 2.454440258654949081e-01 1.730477625730597047e-01 0.000000000000000000e+00 0.000000000000000000e+00 0.000000000000000000e+00 5.318945383903483926e-02 0.000000000000000000e+00 2.735138147773656381e-01 0.000000000000000000e+00 2.405988540823279509e-01
0.000000000000000000e+00 0.000000000000000000e+00 0.000000000000000000e+00 0.000000000000000000e+00 1.373490273362174517e-02 0.000000000000000000e+00 0.000000000000000000e+00 0.000000000000000000e+00 0.000000000000000000e+00 2.627347810215974210e-04 0.000000000000000000e+00 2.457153474324832443e-01 1.737361083473722145e-01 0.000000000000000000e+00 0.000000000000000000e+00 0.000000000000000000e+00 5.236846493094483856e-02 0.000000000000000000e+00 2.735892764158585622e-01 0.000000000000000000e+00 2.405931653586978469e-01
0.000000000000000000e+00 0.000000000000000000e+00 0.000000000000000000e+00 0.000000000000000000e+00 1.383192615451147613e-02 0.000000000000000000e+00 0.000000000000000000e+00 0.000000000000000000e+00 0.000000000000000000e+00 0.000000000000000000e+00 0.000000000000000000e+00 2.459653068897235673e-01 1.743758504656086616e-01 0.000000000000000000e+00 0.000000000000000000e+00 0.000000000000000000e+00 5.160674588086900522e-02 0.000000000000000000e+00 2.736452549576409154e-01 0.000000000000000000e+00 2.405749156516463760e-01
0.000000000000000000e+00 0.000000000000000000e+00 0.000000000000000000e+00 0.000000000000000000e+00 1.394296942162235632e-02 0.000000000000000000e+00 0.000000000000000000e+00 0.000000000000000000e+00 0.000000000000000000e+00 0.000000000000000000e+00 0.000000000000000000e+00 2.461372792771153450e-01 1.749099362716390882e-01 0.000000000000000000e+00 0.000000000000000000e+00 0.000000000000000000e+00 5.089261079843135360e-02 0.000000000000000000e+00 2.736241047376610225e-01 0.000000000000000000e+00 2.404930994935307043e-01
0.000000000000000000e+00 0.000000000000000000e+00 0.000000000000000000e+00 0.000000000000000000e+00 1.405405637350937674e-02 0.000000000000000000e+00 0.000000000000000000e+00 0.000000000000000000e+00 0.000000000000000000e+00 0.000000000000000000e+00 0.000000000000000000e+00 2.463024748884462545e-01 1.753818640036957088e-01 0.000000000000000000e+00 0.000000000000000000e+00 0.000000000000000000e+00 5.023662585811457248e-02 0.000000000000000000e+00 2.736068314127836354e-01 0.000000000000000000e+00 2.404181474634505267e-01
0.000000000000000000e+00 0.000000000000000000e+00 0.000000000000000000e+00 0.000000000000000000e+00 1.415487642647345404e-02 0.000000000000000000e+00 0.000000000000000000e+00 0.000000000000000000e+00 0.000000000000000000e+00 0.000000000000000000e+00 0.000000000000000000e+00 2.464634351309517302e-01 1.758040323009801564e-01 0.000000000000000000e+00 0.000000000000000000e+00 0.000000000000000000e+00 4.963350225625312584e-02 0.000000000000000000e+00 2.735950514853355831e-01 0.000000000000000000e+00 2.403491024000060650e-01
0.000000000000000000e+00 0.000000000000000000e+00 0.000000000000000000e+00 0.000000000000000000e+00 1.424628987857929838e-02 0.000000000000000000e+00 0.000000000000000000e+00 0.000000000000000000e+00 0.000000000000000000e+00 0.000000000000000000e+00 0.000000000000000000e+00 2.466199114163634964e-01 1.761846666940930783e-01 0.000000000000000000e+00 0.000000000000000000e+00 0.000000000000000000e+00 4.907845320194435118e-02 0.000000000000000000e+00 2.735876745610343885e-01 0.000000000000000000e+00 2.402830042479852379e-01
0.000000000000000000e+00 0.000000000000000000e+00 0.000000000000000000e+00 0.000000000000000000e+00 1.432966620203542096e-02 0.000000000000000000e+00 0.000000000000000000e+00 0.000000000000000000e+00 0.000000000000000000e+00 0.000000000000000000e+00 0.000000000000000000e+00 2.467717724406433000e-01 1.765303187882442393e-01 0.000000000000000000e+00 0.000000000000000000e+00 0.000000000000000000e+00 4.856709293226394580e-02 0.000000000000000000e+00 2.735837790251987034e-01 0.000000000000000000e+00 2.402173706116143836e-01
0.000000000000000000e+00 0.000000000000000000e+00 0.000000000000000000e+00 0.000000000000000000e+00 1.440613637780933064e-02 0.000000000000000000e+00 0.000000000000000000e+00 0.000000000000000000e+00 0.000000000000000000e+00 0.000000000000000000e+00 0.000000000000000000e+00 2.469191438350497314e-01 1.768463691857251330e-01 0.000000000000000000e+00 0.000000000000000000e+00 0.000000000000000000e+00 4.809544088340594187e-02 0.000000000000000000e+00 2.735827167703883678e-01 0.000000000000000000e+00 2.401501929476213826e-01
0.000000000000000000e+00 0.000000000000000000e+00 0.000000000000000000e+00 0.000000000000000000e+00 1.447659699009560576e-02 0.000000000000000000e+00 0.000000000000000000e+00 0.000000000000000000e+00 0.000000000000000000e+00 0.000000000000000000e+00 0.000000000000000000e+00 2.470623611732989944e-01 1.771373026624891156e-01 0.000000000000000000e+00 0.000000000000000000e+00 0.000000000000000000e+00 4.765991719463572029e-02 0.000000000000000000e+00 2.735840386808839342e-01 0.000000000000000000e+00 2.400797832985966940e-01
0.000000000000000000e+00 0.000000000000000000e+00 0.000000000000000000e+00 0.000000000000000000e+00 1.454175545330429163e-02 0.000000000000000000e+00 0.000000000000000000e+00 0.000000000000000000e+00 0.000000000000000000e+00 0.000000000000000000e+00 0.000000000000000000e+00 2.472019313337649737e-01 1.774069135264843278e-01 0.000000000000000000e+00 0.000000000000000000e+00 0.000000000000000000e+00 4.725732875982875669e-02 0.000000000000000000e+00 2.735874318835924135e-01 0.000000000000000000e+00 2.400046390430251309e-01
0.000000000000000000e+00 0.000000000000000000e+00 0.000000000000000000e+00 0.000000000000000000e+00 1.460216531453125896e-02 0.000000000000000000e+00 0.000000000000000000e+00 0.000000000000000000e+00 0.000000000000000000e+00 0.000000000000000000e+00 0.000000000000000000e+00 2.473385132116017737e-01 1.776584681049991621e-01 0.000000000000000000e+00 0.000000000000000000e+00 0.000000000000000000e+00 4.688485098782539662e-02 0.000000000000000000e+00 2.735926755804874433e-01 0.000000000000000000e+00 2.399233268005548925e-01
0.000000000000000000e+00 0.000000000000000000e+00 0.000000000000000000e+00 0.000000000000000000e+00 1.465825036328554341e-02 0.000000000000000000e+00 0.000000000000000000e+00 0.000000000000000000e+00 0.000000000000000000e+00 0.000000000000000000e+00 0.000000000000000000e+00 2.474729166898078647e-01 1.778948380505717686e-01 0.000000000000000000e+00 0.000000000000000000e+00 0.000000000000000000e+00 4.654000933081043484e-02 0.000000000000000000e+00 2.735996103053591755e-01 0.000000000000000000e+00 2.398343752601652390e-01
0.000000000000000000e+00 0.000000000000000000e+00 0.000000000000000000e+00 0.000000000000000000e+00 1.471031889185569347e-02 0.000000000000000000e+00 0.000000000000000000e+00 0.000000000000000000e+00 0.000000000000000000e+00 0.000000000000000000e+00 0.000000000000000000e+00 2.476061199838183458e-01 1.781186153075585421e-01 0.000000000000000000e+00 0.000000000000000000e+00 0.000000000000000000e+00 4.622066376308945485e-02 0.000000000000000000e+00 2.736081160643299426e-01 0.000000000000000000e+00 2.397361659893479935e-01
0.000000000000000000e+00 0.000000000000000000e+00 0.000000000000000000e+00 0.000000000000000000e+00 1.475856843542833197e-02 0.000000000000000000e+00 0.000000000000000000e+00 0.000000000000000000e+00 0.000000000000000000e+00 0.000000000000000000e+00 0.000000000000000000e+00 2.477393080491442634e-01 1.783322187533377678e-01 0.000000000000000000e+00 0.000000000000000000e+00 0.000000000000000000e+00 4.592499915726722809e-02 0.000000000000000000e+00 2.736180957932952129e-01 0.000000000000000000e+00 2.396268098115270917e-01
0.000000000000000000e+00 0.000000000000000000e+00 0.000000000000000000e+00 0.000000000000000000e+00 1.480307974790168180e-02 0.000000000000000000e+00 0.000000000000000000e+00 0.000000000000000000e+00 0.000000000000000000e+00 0.000000000000000000e+00 0.000000000000000000e+00 2.478739383720926781e-01 1.785380033220757556e-01 0.000000000000000000e+00 0.000000000000000000e+00 0.000000000000000000e+00 4.565152497223235600e-02 0.000000000000000000e+00 2.736294609935484567e-01 0.000000000000000000e+00 2.395039925921490231e-01
0.000000000000000000e+00 0.000000000000000000e+00 0.000000000000000000e+00 0.000000000000000000e+00 1.484379635525547893e-02 0.000000000000000000e+00 0.000000000000000000e+00 0.000000000000000000e+00 0.000000000000000000e+00 0.000000000000000000e+00 0.000000000000000000e+00 2.480118461867159840e-01 1.787383855341149463e-01 0.000000000000000000e+00 0.000000000000000000e+00 0.000000000000000000e+00 4.539908908674086807e-02 0.000000000000000000e+00 2.736421160787627094e-01 0.000000000000000000e+00 2.393647667584101468e-01
0.000000000000000000e+00 0.000000000000000000e+00 0.000000000000000000e+00 0.000000000000000000e+00 1.488048168216438670e-02 0.000000000000000000e+00 0.000000000000000000e+00 0.000000000000000000e+00 0.000000000000000000e+00 0.000000000000000000e+00 0.000000000000000000e+00 2.481554111359147996e-01 1.789360065646695974e-01 0.000000000000000000e+00 0.000000000000000000e+00 0.000000000000000000e+00 4.516691363293643541e-02 0.000000000000000000e+00 2.736559363591533622e-01 0.000000000000000000e+00 2.392052506251612642e-01
0.000000000000000000e+00 0.000000000000000000e+00 0.000000000000000000e+00 0.000000000000000000e+00 1.491263688836354934e-02 0.000000000000000000e+00 0.000000000000000000e+00 0.000000000000000000e+00 0.000000000000000000e+00 0.000000000000000000e+00 0.000000000000000000e+00 2.483078262283182625e-01 1.791339694530021120e-01 0.000000000000000000e+00 0.000000000000000000e+00 0.000000000000000000e+00 4.495466682337491415e-02 0.000000000000000000e+00 2.736707302492387139e-01 0.000000000000000000e+00 2.390201703577023440e-01
0.000000000000000000e+00 0.000000000000000000e+00 0.000000000000000000e+00 0.000000000000000000e+00 1.493934250288361278e-02 0.000000000000000000e+00 0.000000000000000000e+00 0.000000000000000000e+00 0.000000000000000000e+00 0.000000000000000000e+00 0.000000000000000000e+00 2.484735482819170338e-01 1.793362210534723278e-01 0.000000000000000000e+00 0.000000000000000000e+00 0.000000000000000000e+00 4.476259766791259448e-02 0.000000000000000000e+00 2.736861651080456093e-01 0.000000000000000000e+00 2.388021253857688098e-01
0.000000000000000000e+00 0.000000000000000000e+00 0.000000000000000000e+00 0.000000000000000000e+00 1.495893633557988933e-02 0.000000000000000000e+00 0.000000000000000000e+00 0.000000000000000000e+00 0.000000000000000000e+00 0.000000000000000000e+00 0.000000000000000000e+00 2.486590938592066757e-01 1.795482296926159960e-01 0.000000000000000000e+00 0.000000000000000000e+00 0.000000000000000000e+00 4.459178962936755780e-02 0.000000000000000000e+00 2.737016054310683622e-01 0.000000000000000000e+00 2.385403450521614566e-01
0.000000000000000000e+00 0.000000000000000000e+00 0.000000000000000000e+00 0.000000000000000000e+00 1.496829406509682207e-02 0.000000000000000000e+00 0.000000000000000000e+00 0.000000000000000000e+00 0.000000000000000000e+00 0.000000000000000000e+00 0.000000000000000000e+00 2.488745525348771137e-01 1.797783221039082613e-01 0.000000000000000000e+00 0.000000000000000000e+00 0.000000000000000000e+00 4.444466247744968679e-02 0.000000000000000000e+00 2.737157170969070630e-01 0.000000000000000000e+00 2.382184517217611208e-01
0.000000000000000000e+00 0.000000000000000000e+00 0.000000000000000000e+00 0.000000000000000000e+00 1.496097283591263719e-02 0.000000000000000000e+00 0.000000000000000000e+00 0.000000000000000000e+00 0.000000000000000000e+00 0.000000000000000000e+00 0.000000000000000000e+00 2.491367728405040893e-01 1.800407069568435436e-01 0.000000000000000000e+00 0.000000000000000000e+00 0.000000000000000000e+00 4.432606525024244959e-02 0.000000000000000000e+00 2.737253400634424017e-01 0.000000000000000000e+00 2.378101420530548127e-01
0.000000000000000000e+00 0.000000000000000000e+00 0.000000000000000000e+00 0.000000000000000000e+00 1.492116979669372116e-02 0.000000000000000000e+00 0.000000000000000000e+00 0.000000000000000000e+00 0.000000000000000000e+00 0.000000000000000000e+00 0.000000000000000000e+00 2.494771681740113878e-01 1.803638984101116338e-01 0.000000000000000000e+00 0.000000000000000000e+00 0.000000000000000000e+00 4.424608572680141516e-02 0.000000000000000000e+00 2.737214301267515415e-01 0.000000000000000000e+00 2.372702477656302711e-01
0.000000000000000000e+00 0.000000000000000000e+00 0.000000000000000000e+00 0.000000000000000000e+00 1.479326110316628654e-02 0.000000000000000000e+00 0.000000000000000000e+00 0.000000000000000000e+00 0.000000000000000000e+00 0.000000000000000000e+00 0.000000000000000000e+00 2.499662922982576196e-01 1.808258401410101357e-01 0.000000000000000000e+00 0.000000000000000000e+00 0.000000000000000000e+00 4.422992266103194930e-02 0.000000000000000000e+00 2.736666084613295080e-01 0.000000000000000000e+00 2.365180753352046639e-01
0.000000000000000000e+00 0.000000000000000000e+00 0.000000000000000000e+00 0.000000000000000000e+00 1.408820771769765667e-02 0.000000000000000000e+00 0.000000000000000000e+00 0.000000000000000000e+00 0.000000000000000000e+00 0.000000000000000000e+00 0.000000000000000000e+00 2.507248629650519756e-01 1.819430148511410883e-01 0.000000000000000000e+00 0.000000000000000000e+00 0.000000000000000000e+00 4.434228713828572421e-02 0.000000000000000000e+00 2.732084652213018772e-01 0.000000000000000000e+00 2.356931621065217475e-01
0.000000000000000000e+00 0.000000000000000000e+00 0.000000000000000000e+00 0.000000000000000000e+00 1.440697285662409510e-02 0.000000000000000000e+00 0.000000000000000000e+00 0.000000000000000000e+00 0.000000000000000000e+00 0.000000000000000000e+00 0.000000000000000000e+00 2.507430749218614863e-01 1.823731800013103643e-01 0.000000000000000000e+00 0.000000000000000000e+00 0.000000000000000000e+00 4.425821355764687770e-02 0.000000000000000000e+00 2.727647968979455828e-01 0.000000000000000000e+00 2.354537617646116077e-01
0.000000000000000000e+00 0.000000000000000000e+00 0.000000000000000000e+00 0.000000000000000000e+00 1.462009109270571809e-02 0.000000000000000000e+00 0.000000000000000000e+00 0.000000000000000000e+00 0.000000000000000000e+00 0.000000000000000000e+00 0.000000000000000000e+00 2.506791039554817635e-01 1.826191341355775932e-01 0.000000000000000000e+00 0.000000000000000000e+00 0.000000000000000000e+00 4.413127087211402705e-02 0.000000000000000000e+00 2.725171319599074549e-01 0.000000000000000000e+00 2.354332679842133513e-01
0.000000000000000000e+00 0.000000000000000000e+00 0.000000000000000000e+00 0.000000000000000000e+00 1.473176277928454903e-02 0.000000000000000000e+00 0.000000000000000000e+00 0.000000000000000000e+00 0.000000000000000000e+00 0.000000000000000000e+00 0.000000000000000000e+00 2.505964328253639239e-01 1.827906170284699372e-01 0.000000000000000000e+00 0.000000000000000000e+00 0.000000000000000000e+00 4.398921091557594226e-02 0.000000000000000000e+00 2.723725644287508518e-01 0.000000000000000000e+00 2.355194120225548304e-01
0.000000000000000000e+00 0.000000000000000000e+00 0.000000000000000000e+00 0.000000000000000000e+00 1.479652888677958703e-02 0.000000000000000000e+00 0.000000000000000000e+00 0.000000000000000000e+00 0.000000000000000000e+00 0.000000000000000000e+00 0.000000000000000000e+00 2.505064263343419473e-01 1.829238026235592562e-01 0.000000000000000000e+00 0.000000000000000000e+00 0.000000000000000000e+00 4.384245693714863834e-02 0.000000000000000000e+00 2.722759524399093745e-01 0.000000000000000000e+00 2.356548327782611862e-01
0.000000000000000000e+00 0.000000000000000000e+00 0.000000000000000000e+00 0.000000000000000000e+00 1.483680120607812694e-02 0.000000000000000000e+00 0.000000000000000000e+00 0.000000000000000000e+00 0.000000000000000000e+00 0.000000000000000000e+00 0.000000000000000000e+00 2.504161865601501336e-01 1.830383288064909575e-01 0.000000000000000000e+00 0.000000000000000000e+00 0.000000000000000000e+00 4.369617784139624705e-02 0.000000000000000000e+00 2.722006781614996762e-01 0.000000000000000000e+00 2.358118274243848067e-01
0.000000000000000000e+00 0.000000000000000000e+00 0.000000000000000000e+00 0.000000000000000000e+00 1.486227082767872451e-02 0.000000000000000000e+00 0.000000000000000000e+00 0.000000000000000000e+00 0.000000000000000000e+00 0.000000000000000000e+00 0.000000000000000000e+00 2.503302407574612976e-01 1.831457912471095573e-01 0.000000000000000000e+00 0.000000000000000000e+00 0.000000000000000000e+00 4.355345324828708425e-02 0.000000000000000000e+00 2.721325176649607713e-01 0.000000000000000000e+00 2.359757262545025547e-01
0.000000000000000000e+00 0.000000000000000000e+00 0.000000000000000000e+00 0.000000000000000000e+00 1.487739460813701335e-02 0.000000000000000000e+00 0.000000000000000000e+00 0.000000000000000000e+00 0.000000000000000000e+00 0.000000000000000000e+00 0.000000000000000000e+00 2.502514658862607377e-01 1.832535753506126797e-01 0.000000000000000000e+00 0.000000000000000000e+00 0.000000000000000000e+00 4.341642674438160598e-02 0.000000000000000000e+00 2.720628826470073425e-01 0.000000000000000000e+00 2.361382547636006468e-01
0.000000000000000000e+00 0.000000000000000000e+00 0.000000000000000000e+00 0.000000000000000000e+00 1.488389195606748365e-02 0.000000000000000000e+00 0.000000000000000000e+00 0.000000000000000000e+00 0.000000000000000000e+00 0.000000000000000000e+00 0.000000000000000000e+00 2.501819207667210776e-01 1.833671295795960277e-01 0.000000000000000000e+00 0.000000000000000000e+00 0.000000000000000000e+00 4.328686894686385733e-02 0.000000000000000000e+00 2.719856583428294505e-01 0.000000000000000000e+00 2.362945304079219488e-01
0.000000000000000000e+00 0.000000000000000000e+00 0.000000000000000000e+00 0.000000000000000000e+00 1.488159655278402729e-02 0.000000000000000000e+00 0.000000000000000000e+00 0.000000000000000000e+00 0.000000000000000000e+00 0.000000000000000000e+00 0.000000000000000000e+00 2.501235064228836680e-01 1.834915660005000948e-01 0.000000000000000000e+00 0.000000000000000000e+00 0.000000000000000000e+00 4.316656676319295671e-02 0.000000000000000000e+00 2.718953010847349749e-01 0.000000000000000000e+00 2.364414631759044205e-01
0.000000000000000000e+00 0.000000000000000000e+00 0.000000000000000000e+00 0.000000000000000000e+00 1.486840294049600851e-02 0.000000000000000000e+00 0.000000000000000000e+00 0.000000000000000000e+00 0.000000000000000000e+00 0.000000000000000000e+00 0.000000000000000000e+00 2.500786412920675272e-01 1.836332718712035961e-01 0.000000000000000000e+00 0.000000000000000000e+00 0.000000000000000000e+00 4.305774941766780939e-02 0.000000000000000000e+00 2.717851797914609402e-01 0.000000000000000000e+00 2.365767546871039573e-01
0.000000000000000000e+00 0.000000000000000000e+00 0.000000000000000000e+00 0.000000000000000000e+00 1.483912004633968461e-02 0.000000000000000000e+00 0.000000000000000000e+00 0.000000000000000000e+00 0.000000000000000000e+00 0.000000000000000000e+00 0.000000000000000000e+00 2.500512943265247312e-01 1.838025013839990618e-01 0.000000000000000000e+00 0.000000000000000000e+00 0.000000000000000000e+00 4.296381065216230144e-02 0.000000000000000000e+00 2.716452255389921189e-01 0.000000000000000000e+00 2.366980480519821906e-01
0.000000000000000000e+00 0.000000000000000000e+00 0.000000000000000000e+00 0.000000000000000000e+00 1.478158352238461044e-02 0.000000000000000000e+00 0.000000000000000000e+00 0.000000000000000000e+00 0.000000000000000000e+00 0.000000000000000000e+00 0.000000000000000000e+00 2.500493130385846308e-01 1.840196305607161853e-01 0.000000000000000000e+00 0.000000000000000000e+00 0.000000000000000000e+00 4.289101432313892348e-02 0.000000000000000000e+00 2.714568504044975183e-01 0.000000000000000000e+00 2.368016081506781889e-01
0.000000000000000000e+00 0.000000000000000000e+00 0.000000000000000000e+00 0.000000000000000000e+00 1.466161482362104800e-02 0.000000000000000000e+00 0.000000000000000000e+00 0.000000000000000000e+00 0.000000000000000000e+00 0.000000000000000000e+00 0.000000000000000000e+00 2.500920333339981538e-01 1.843371289346644737e-01 0.000000000000000000e+00 0.000000000000000000e+00 0.000000000000000000e+00 4.285407719569405555e-02 0.000000000000000000e+00 2.711773242116596316e-01 0.000000000000000000e+00 2.368778215003626286e-01
0.000000000000000000e+00 0.000000000000000000e+00 0.000000000000000000e+00 0.000000000000000000e+00 1.432251228926494264e-02 0.000000000000000000e+00 0.000000000000000000e+00 0.000000000000000000e+00 0.000000000000000000e+00 0.000000000000000000e+00 0.000000000000000000e+00 2.502557696888296768e-01 1.849832034984708606e-01 0.000000000000000000e+00 0.000000000000000000e+00 0.000000000000000000e+00 4.290747977521677109e-02 0.000000000000000000e+00 2.706596974228142050e-01 0.000000000000000000e+00 2.368713373254037469e-01
0.000000000000000000e+00 0.000000000000000000e+00 0.000000000000000000e+00 0.000000000000000000e+00 1.287080360604382287e-02 0.000000000000000000e+00 0.000000000000000000e+00 0.000000000000000000e+00 0.000000000000000000e+00 0.000000000000000000e+00 0.000000000000000000e+00 2.509075855826710666e-01 1.873014016726384512e-01 0.000000000000000000e+00 0.000000000000000000e+00 0.000000000000000000e+00 4.287398620889917161e-02 0.000000000000000000e+00 2.689113401848324258e-01 0.000000000000000000e+00 2.371348827449150376e-01
0.000000000000000000e+00 0.000000000000000000e+00 0.000000000000000000e+00 0.000000000000000000e+00 1.324134730430749814e-02 0.000000000000000000e+00 0.000000000000000000e+00 0.000000000000000000e+00 0.000000000000000000e+00 0.000000000000000000e+00 0.000000000000000000e+00 2.509022568125681696e-01 1.883591065379713048e-01 0.000000000000000000e+00 0.000000000000000000e+00 0.000000000000000000e+00 4.267730451975130374e-02 0.000000000000000000e+00 2.670606386461076842e-01 0.000000000000000000e+00 2.377593461792940899e-01
0.000000000000000000e+00 0.000000000000000000e+00 0.000000000000000000e+00 0.000000000000000000e+00 1.348250744319252035e-02 0.000000000000000000e+00 0.000000000000000000e+00 0.000000000000000000e+00 0.000000000000000000e+00 0.000000000000000000e+00 0.000000000000000000e+00 2.508693190129043793e-01 1.890081949790156646e-01 0.000000000000000000e+00 0.000000000000000000e+00 0.000000000000000000e+00 4.243695838793129504e-02 0.000000000000000000e+00 2.656046552167852237e-01 0.000000000000000000e+00 2.385983649601707557e-01
0.000000000000000000e+00 0.000000000000000000e+00 0.000000000000000000e+00 0.000000000000000000e+00 1.364258027944777185e-02 0.000000000000000000e+00 0.000000000000000000e+00 0.000000000000000000e+00 0.000000000000000000e+00 0.000000000000000000e+00 0.000000000000000000e+00 2.508197852804645023e-01 1.894210173839236400e-01 0.000000000000000000e+00 0.000000000000000000e+00 0.000000000000000000e+00 4.217966367988775639e-02 0.000000000000000000e+00 2.644525307820274618e-01 0.000000000000000000e+00 2.394844225942487359e-01
