4.155729648315262259e-02 5.084193602826105052e-02 2.307588958330814011e-02 4.839923782950131953e-02 4.959120739125569277e-02 6.214189310432105540e-02 0.000000000000000000e+00 1.625672457319646269e-02 1.906967606793238262e-02 6.253873961669795256e-02 2.175435184203802427e-02 9.849684012707356218e-02 3.255517516611705631e-02 9.105886160779333438e-02 9.557920603731158080e-04 4.068681854732591335e-03 3.531339649724237612e-03 7.992280210973307097e-02 1.498450611230371932e-01 8.353795009425818430e-02 6.080054368749306104e-02
3.551267876859860034e-02 4.142705629003097523e-02 2.789385054348616014e-03 3.792252260755121090e-02 4.815906438152944835e-02 6.509554671874720477e-02 0.000000000000000000e+00 4.323413377576858577e-03 4.501820290316197425e-03 6.665611843009604243e-02 1.821968918056571934e-03 1.003366738782470874e-01 3.626398594192697944e-02 1.128034426892463582e-01 0.000000000000000000e+00 2.341241552618568943e-03 0.000000000000000000e+00 7.183066709213274670e-02 2.126122112992954449e-01 6.173787091817931061e-02 9.386433179150176220e-02
3.806567043061737099e-02 3.946606811890232547e-02 2.670721166567666376e-03 3.606244589093612202e-02 5.169708491868812983e-02 4.905352727025935611e-02 6.360589268629485669e-03 1.080638911148121446e-02 7.883910360284610355e-03 5.142564933522168757e-02 1.011717548218997193e-03 7.522782806339640971e-02 2.911691944997939901e-02 1.035222973757032872e-01 9.300791716239792395e-03 2.664992073694093938e-02 7.108527110671020860e-03 5.944363998751155120e-02 2.491673513341481350e-01 3.572816132484905177e-02 1.102307894807535715e-01
2.235981187097145148e-02 2.147496712642260261e-02 0.000000000000000000e+00 1.834215214449625223e-02 4.069662736455870872e-02 4.739881937174549725e-02 0.000000000000000000e+00 0.000000000000000000e+00 0.000000000000000000e+00 5.114492482597789852e-02 0.000000000000000000e+00 7.294498543916512479e-02 3.000528650681361792e-02 1.111048406802099681e-01 0.000000000000000000e+00 2.838743898429243323e-02 0.000000000000000000e+00 4.226565071338478363e-02 3.186285851061821939e-01 2.285663648811473228e-02 1.723892733776647146e-01
5.560121427119897944e-03 4.997934899472209272e-03 0.000000000000000000e+00 2.302316615360451395e-03 2.907357216684095663e-02 4.325896475584851270e-02 0.000000000000000000e+00 0.000000000000000000e+00 0.000000000000000000e+00 4.793403398013808270e-02 0.000000000000000000e+00 6.636143179759865229e-02 2.911823578548495758e-02 1.116072818986237891e-01 0.000000000000000000e+00 2.915358946610518281e-02 0.000000000000000000e+00 2.532684491189709022e-02 3.608939361146016878e-01 1.366977657922018204e-02 2.307419596016882513e-01
0.000000000000000000e+00 0.000000000000000000e+00 0.000000000000000000e+00 0.000000000000000000e+00 2.114770285801348751e-02 3.777853391312335773e-02 0.000000000000000000e+00 0.000000000000000000e+00 0.000000000000000000e+00 4.344305348160747843e-02 0.000000000000000000e+00 5.637107021933189521e-02 2.717880056506636471e-02 1.089523428146650652e-01 0.000000000000000000e+00 3.211864592781770583e-02 0.000000000000000000e+00 1.225366658059417330e-02 3.850973319986888410e-01 8.909719444281786679e-03 2.667491321968098461e-01
0.000000000000000000e+00 0.000000000000000000e+00 0.000000000000000000e+00 0.000000000000000000e+00 3.336886923261556028e-03 3.443074731556005491e-02 0.000000000000000000e+00 0.000000000000000000e+00 0.000000000000000000e+00 4.110008723185187146e-02 0.000000000000000000e+00 4.919106640194298441e-02 2.644982727700532360e-02 1.085564712890048217e-01 0.000000000000000000e+00 2.636648406102112471e-02 0.000000000000000000e+00 0.000000000000000000e+00 4.124443399523907705e-01 4.056324829952747194e-03 2.940677647180086618e-01
0.000000000000000000e+00 0.000000000000000000e+00 0.000000000000000000e+00 0.000000000000000000e+00 2.178417896550433432e-04 2.952945474438021037e-02 0.000000000000000000e+00 0.000000000000000000e+00 0.000000000000000000e+00 3.683033398755526655e-02 0.000000000000000000e+00 4.064119734060178679e-02 2.443821625804887612e-02 1.037063124138714737e-01 0.000000000000000000e+00 3.153841223977112834e-02 0.000000000000000000e+00 0.000000000000000000e+00 4.163740647477962575e-01 4.337202446128183946e-03 3.123869640321917940e-01
0.000000000000000000e+00 0.000000000000000000e+00 0.000000000000000000e+00 0.000000000000000000e+00 0.000000000000000000e+00 2.838830678249312789e-02 0.000000000000000000e+00 0.000000000000000000e+00 0.000000000000000000e+00 3.687058327421894460e-02 0.000000000000000000e+00 3.435174544345682979e-02 2.512266847123299091e-02 1.042847233474000213e-01 0.000000000000000000e+00 5.505299578861411885e-03 0.000000000000000000e+00 0.000000000000000000e+00 4.300528247721064901e-01 0.000000000000000000e+00 3.354238483302302565e-01
0.000000000000000000e+00 0.000000000000000000e+00 0.000000000000000000e+00 0.000000000000000000e+00 0.000000000000000000e+00 2.683944709116478297e-02 0.000000000000000000e+00 0.000000000000000000e+00 0.000000000000000000e+00 3.650105247547009296e-02 0.000000000000000000e+00 2.736848933938069994e-02 2.535821846031027782e-02 1.032648505949104595e-01 0.000000000000000000e+00 0.000000000000000000e+00 0.000000000000000000e+00 0.000000000000000000e+00 4.322681722240080404e-01 0.000000000000000000e+00 3.483997698147555111e-01
0.000000000000000000e+00 0.000000000000000000e+00 0.000000000000000000e+00 0.000000000000000000e+00 0.000000000000000000e+00 2.562624211869790614e-02 0.000000000000000000e+00 0.000000000000000000e+00 0.000000000000000000e+00 3.657127108415807182e-02 0.000000000000000000e+00 2.047142174537136886e-02 2.588168274689426826e-02 1.008022411430193749e-01 0.000000000000000000e+00 0.000000000000000000e+00 0.000000000000000000e+00 0.000000000000000000e+00 4.327343881917928847e-01 0.000000000000000000e+00 3.579127529700661947e-01
0.000000000000000000e+00 0.000000000000000000e+00 0.000000000000000000e+00 0.000000000000000000e+00 0.000000000000000000e+00 2.488098494780566564e-02 0.000000000000000000e+00 0.000000000000000000e+00 0.000000000000000000e+00 3.734423933501639092e-02 0.000000000000000000e+00 1.359014696060049238e-02 2.687622783426103779e-02 9.883092565485200598e-02 0.000000000000000000e+00 0.000000000000000000e+00 0.000000000000000000e+00 0.000000000000000000e+00 4.369179900562035757e-01 0.000000000000000000e+00 3.615594852112607449e-01
0.000000000000000000e+00 0.000000000000000000e+00 0.000000000000000000e+00 0.000000000000000000e+00 0.000000000000000000e+00 2.422636383607464430e-02 0.000000000000000000e+00 0.000000000000000000e+00 0.000000000000000000e+00 3.830618924363892591e-02 0.000000000000000000e+00 6.420711949625464154e-03 2.795211894751182743e-02 9.628131494261098211e-02 0.000000000000000000e+00 0.000000000000000000e+00 0.000000000000000000e+00 0.000000000000000000e+00 4.396973503707596320e-01 0.000000000000000000e+00 3.671159507097784824e-01
0.000000000000000000e+00 0.000000000000000000e+00 0.000000000000000000e+00 0.000000000000000000e+00 0.000000000000000000e+00 2.379412973044114921e-02 0.000000000000000000e+00 0.000000000000000000e+00 0.000000000000000000e+00 3.962207498248666165e-02 0.000000000000000000e+00 0.000000000000000000e+00 2.928665244919062549e-02 9.315159113341817121e-02 0.000000000000000000e+00 0.000000000000000000e+00 0.000000000000000000e+00 0.000000000000000000e+00 4.418704988648731735e-01 0.000000000000000000e+00 3.722750528395901148e-01
0.000000000000000000e+00 0.000000000000000000e+00 0.000000000000000000e+00 0.000000000000000000e+00 0.000000000000000000e+00 2.309423411281960950e-02 0.000000000000000000e+00 0.000000000000000000e+00 0.000000000000000000e+00 4.041592472975590739e-02 0.000000000000000000e+00 0.000000000000000000e+00 3.024346955988826274e-02 8.920529074458609375e-02 0.000000000000000000e+00 0.000000000000000000e+00 0.000000000000000000e+00 0.000000000000000000e+00 4.394947733672656676e-01 0.000000000000000000e+00 3.775463074856845180e-01
0.000000000000000000e+00 0.000000000000000000e+00 0.000000000000000000e+00 0.000000000000000000e+00 0.000000000000000000e+00 2.239742700600805617e-02 0.000000000000000000e+00 0.000000000000000000e+00 0.000000000000000000e+00 4.124375874299603117e-02 0.000000000000000000e+00 0.000000000000000000e+00 3.123334068087868856e-02 8.620216189079996094e-02 0.000000000000000000e+00 0.000000000000000000e+00 0.000000000000000000e+00 0.000000000000000000e+00 4.367927567289558999e-01 0.000000000000000000e+00 3.821305549503613563e-01
0.000000000000000000e+00 0.000000000000000000e+00 0.000000000000000000e+00 0.000000000000000000e+00 0.000000000000000000e+00 2.168068952238880187e-02 0.000000000000000000e+00 0.000000000000000000e+00 0.000000000000000000e+00 4.206169764637660707e-02 0.000000000000000000e+00 0.000000000000000000e+00 3.222377217456513787e-02 8.398762532640641210e-02 0.000000000000000000e+00 0.000000000000000000e+00 0.000000000000000000e+00 0.000000000000000000e+00 4.338280299834425535e-01 0.000000000000000000e+00 3.862181853468204529e-01
0.000000000000000000e+00 0.000000000000000000e+00 0.000000000000000000e+00 0.000000000000000000e+00 0.000000000000000000e+00 2.093627361291820407e-02 0.000000000000000000e+00 0.000000000000000000e+00 0.000000000000000000e+00 4.285259404680299977e-02 0.000000000000000000e+00 0.000000000000000000e+00 3.320152246327939816e-02 8.241883817678982704e-02 0.000000000000000000e+00 0.000000000000000000e+00 0.000000000000000000e+00 0.000000000000000000e+00 4.306902776816037837e-01 0.000000000000000000e+00 3.899004940186058255e-01
0.000000000000000000e+00 0.000000000000000000e+00 0.000000000000000000e+00 0.000000000000000000e+00 0.000000000000000000e+00 2.001949699203169758e-02 0.000000000000000000e+00 0.000000000000000000e+00 0.000000000000000000e+00 4.331629583465030492e-02 0.000000000000000000e+00 5.387608185258605659e-03 3.393455938823573825e-02 8.103794270022887658e-02 0.000000000000000000e+00 0.000000000000000000e+00 0.000000000000000000e+00 0.000000000000000000e+00 4.251463496864538727e-01 0.000000000000000000e+00 3.911577472131409494e-01
0.000000000000000000e+00 0.000000000000000000e+00 0.000000000000000000e+00 0.000000000000000000e+00 0.000000000000000000e+00 1.931398648118990910e-02 0.000000000000000000e+00 0.000000000000000000e+00 0.000000000000000000e+00 4.425643188575202613e-02 0.000000000000000000e+00 0.000000000000000000e+00 3.504667267353421545e-02 8.084822787919307419e-02 0.000000000000000000e+00 0.000000000000000000e+00 0.000000000000000000e+00 0.000000000000000000e+00 4.241995508435772444e-01 0.000000000000000000e+00 3.963351302367535967e-01
0.000000000000000000e+00 0.000000000000000000e+00 0.000000000000000000e+00 0.000000000000000000e+00 0.000000000000000000e+00 1.848557958760597281e-02 0.000000000000000000e+00 0.000000000000000000e+00 0.000000000000000000e+00 4.494762486410086577e-02 0.000000000000000000e+00 0.000000000000000000e+00 3.596740600319461856e-02 8.045181195504522154e-02 0.000000000000000000e+00 0.000000000000000000e+00 0.000000000000000000e+00 0.000000000000000000e+00 4.210430049323843904e-01 0.000000000000000000e+00 3.991045726576688546e-01
0.000000000000000000e+00 0.000000000000000000e+00 0.000000000000000000e+00 0.000000000000000000e+00 0.000000000000000000e+00 1.762773062071500835e-02 0.000000000000000000e+00 0.000000000000000000e+00 0.000000000000000000e+00 4.560339412567761957e-02 0.000000000000000000e+00 3.863571143800025812e-04 3.686560010128176607e-02 8.028320585165400758e-02 0.000000000000000000e+00 0.000000000000000000e+00 0.000000000000000000e+00 0.000000000000000000e+00 4.178614759650476351e-01 0.000000000000000000e+00 4.013722362212440165e-01
0.000000000000000000e+00 0.000000000000000000e+00 0.000000000000000000e+00 0.000000000000000000e+00 0.000000000000000000e+00 1.679064147874927138e-02 0.000000000000000000e+00 0.000000000000000000e+00 0.000000000000000000e+00 4.638932982448105979e-02 0.000000000000000000e+00 0.000000000000000000e+00 3.787499691163343646e-02 8.035961086190450409e-02 0.000000000000000000e+00 0.000000000000000000e+00 0.000000000000000000e+00 0.000000000000000000e+00 4.154831196500004542e-01 0.000000000000000000e+00 4.031023012732313227e-01
0.000000000000000000e+00 0.000000000000000000e+00 0.000000000000000000e+00 0.000000000000000000e+00 0.000000000000000000e+00 1.616881208165795933e-02 0.000000000000000000e+00 0.000000000000000000e+00 0.000000000000000000e+00 4.784136490790596302e-02 0.000000000000000000e+00 0.000000000000000000e+00 3.943406752654948083e-02 7.746972416990932642e-02 0.000000000000000000e+00 0.000000000000000000e+00 0.000000000000000000e+00 0.000000000000000000e+00 4.151305100020868943e-01 0.000000000000000000e+00 4.039555213118904420e-01
0.000000000000000000e+00 0.000000000000000000e+00 0.000000000000000000e+00 0.000000000000000000e+00 0.000000000000000000e+00 1.549452171043016850e-02 0.000000000000000000e+00 0.000000000000000000e+00 0.000000000000000000e+00 4.918251236625786199e-02 0.000000000000000000e+00 1.671409116332841583e-03 4.091409245975704406e-02 7.496336879376887252e-02 0.000000000000000000e+00 0.000000000000000000e+00 0.000000000000000000e+00 0.000000000000000000e+00 4.139843956414284709e-01 0.000000000000000000e+00 4.037896999120247354e-01
0.000000000000000000e+00 0.000000000000000000e+00 0.000000000000000000e+00 0.000000000000000000e+00 0.000000000000000000e+00 1.480212391064919010e-02 0.000000000000000000e+00 0.000000000000000000e+00 0.000000000000000000e+00 5.052618326678088440e-02 0.000000000000000000e+00 2.814308789784533086e-03 4.240979284705345687e-02 7.306241975778393627e-02 0.000000000000000000e+00 0.000000000000000000e+00 0.000000000000000000e+00 0.000000000000000000e+00 4.130589250461248474e-01 0.000000000000000000e+00 4.033262463818232391e-01
0.000000000000000000e+00 0.000000000000000000e+00 0.000000000000000000e+00 0.000000000000000000e+00 0.000000000000000000e+00 1.421628737417755285e-02 0.000000000000000000e+00 0.000000000000000000e+00 0.000000000000000000e+00 5.231095013576957109e-02 0.000000000000000000e+00 2.348508226572955295e-03 4.430594668671240799e-02 7.153855751414411879e-02 0.000000000000000000e+00 0.000000000000000000e+00 0.000000000000000000e+00 0.000000000000000000e+00 4.135890490372238215e-01 0.000000000000000000e+00 4.016907010253995547e-01
0.000000000000000000e+00 0.000000000000000000e+00 0.000000000000000000e+00 0.000000000000000000e+00 2.706695094312021148e-03 1.216798430978182320e-02 0.000000000000000000e+00 0.000000000000000000e+00 0.000000000000000000e+00 4.622174214258282371e-02 0.000000000000000000e+00 3.210330677186653409e-02 3.922546383841431228e-02 7.016405225800750878e-02 0.000000000000000000e+00 1.644463213935666926e-02 0.000000000000000000e+00 0.000000000000000000e+00 4.003978674774114066e-01 0.000000000000000000e+00 3.805682559682668220e-01
0.000000000000000000e+00 0.000000000000000000e+00 0.000000000000000000e+00 0.000000000000000000e+00 0.000000000000000000e+00 1.254634655020174343e-02 0.000000000000000000e+00 0.000000000000000000e+00 0.000000000000000000e+00 5.193313286425384201e-02 0.000000000000000000e+00 1.387098060148519822e-02 4.448943904069199706e-02 6.827507679586047873e-02 0.000000000000000000e+00 0.000000000000000000e+00 0.000000000000000000e+00 0.000000000000000000e+00 4.183804651889677095e-01 0.000000000000000000e+00 3.905045589585389720e-01
0.000000000000000000e+00 0.000000000000000000e+00 0.000000000000000000e+00 0.000000000000000000e+00 0.000000000000000000e+00 1.258567229228600703e-02 0.000000000000000000e+00 0.000000000000000000e+00 0.000000000000000000e+00 5.645895112758428369e-02 0.000000000000000000e+00 0.000000000000000000e+00 4.877234532056571453e-02 6.642667270520552503e-02 0.000000000000000000e+00 0.000000000000000000e+00 0.000000000000000000e+00 0.000000000000000000e+00 4.259322158206050868e-01 0.000000000000000000e+00 3.898241427337533760e-01
0.000000000000000000e+00 0.000000000000000000e+00 0.000000000000000000e+00 0.000000000000000000e+00 0.000000000000000000e+00 1.243632133118215133e-02 0.000000000000000000e+00 0.000000000000000000e+00 0.000000000000000000e+00 6.042133633078706351e-02 0.000000000000000000e+00 0.000000000000000000e+00 5.261725275305824401e-02 6.398730334183144741e-02 0.000000000000000000e+00 0.000000000000000000e+00 0.000000000000000000e+00 0.000000000000000000e+00 4.293782619419244662e-01 0.000000000000000000e+00 3.811595243012166900e-01
0.000000000000000000e+00 0.000000000000000000e+00 0.000000000000000000e+00 0.000000000000000000e+00 0.000000000000000000e+00 1.231705096028704559e-02 0.000000000000000000e+00 0.000000000000000000e+00 0.000000000000000000e+00 6.462863651851705193e-02 0.000000000000000000e+00 0.000000000000000000e+00 5.671520887702276997e-02 5.609352922922686280e-02 0.000000000000000000e+00 0.000000000000000000e+00 0.000000000000000000e+00 0.000000000000000000e+00 4.350325008213015154e-01 0.000000000000000000e+00 3.752130735936448080e-01
0.000000000000000000e+00 0.000000000000000000e+00 0.000000000000000000e+00 0.000000000000000000e+00 0.000000000000000000e+00 1.221595218663152314e-02 0.000000000000000000e+00 0.000000000000000000e+00 0.000000000000000000e+00 6.888489407963499511e-02 0.000000000000000000e+00 0.000000000000000000e+00 6.087482165488460745e-02 4.516654468492121988e-02 0.000000000000000000e+00 0.000000000000000000e+00 0.000000000000000000e+00 0.000000000000000000e+00 4.407274442062841802e-01 0.000000000000000000e+00 3.721303431876434309e-01
0.000000000000000000e+00 0.000000000000000000e+00 0.000000000000000000e+00 0.000000000000000000e+00 0.000000000000000000e+00 1.205128829094150034e-02 0.000000000000000000e+00 0.000000000000000000e+00 0.000000000000000000e+00 7.290433894745637633e-02 0.000000000000000000e+00 0.000000000000000000e+00 6.485431530093183072e-02 3.601159332866120388e-02 0.000000000000000000e+00 0.000000000000000000e+00 0.000000000000000000e+00 0.000000000000000000e+00 4.452070921883880539e-01 0.000000000000000000e+00 3.689713719436210071e-01
0.000000000000000000e+00 0.000000000000000000e+00 0.000000000000000000e+00 0.000000000000000000e+00 0.000000000000000000e+00 1.182211680615413880e-02 0.000000000000000000e+00 0.000000000000000000e+00 0.000000000000000000e+00 7.665208001902565349e-02 0.000000000000000000e+00 0.000000000000000000e+00 6.862162623690926111e-02 2.844107944433894863e-02 0.000000000000000000e+00 0.000000000000000000e+00 0.000000000000000000e+00 0.000000000000000000e+00 4.487935377401120474e-01 0.000000000000000000e+00 3.656695597534598274e-01
0.000000000000000000e+00 0.000000000000000000e+00 0.000000000000000000e+00 0.000000000000000000e+00 0.000000000000000000e+00 1.152773911380180170e-02 0.000000000000000000e+00 0.000000000000000000e+00 0.000000000000000000e+00 8.008218003873152080e-02 0.000000000000000000e+00 0.000000000000000000e+00 7.213191307664579277e-02 2.228397956609496841e-02 0.000000000000000000e+00 0.000000000000000000e+00 0.000000000000000000e+00 0.000000000000000000e+00 4.516437704411243037e-01 0.000000000000000000e+00 3.623304177636015311e-01
0.000000000000000000e+00 0.000000000000000000e+00 0.000000000000000000e+00 0.000000000000000000e+00 0.000000000000000000e+00 1.117015812196590560e-02 0.000000000000000000e+00 0.000000000000000000e+00 0.000000000000000000e+00 8.315908783547858174e-02 0.000000000000000000e+00 0.000000000000000000e+00 7.534859264708178295e-02 1.738009941872257005e-02 0.000000000000000000e+00 0.000000000000000000e+00 0.000000000000000000e+00 0.000000000000000000e+00 4.538714109385815765e-01 0.000000000000000000e+00 3.590706510381695415e-01
0.000000000000000000e+00 0.000000000000000000e+00 0.000000000000000000e+00 0.000000000000000000e+00 0.000000000000000000e+00 1.075391663884559153e-02 0.000000000000000000e+00 0.000000000000000000e+00 0.000000000000000000e+00 8.586426668503159554e-02 0.000000000000000000e+00 0.000000000000000000e+00 7.824985271664725017e-02 1.357303608476747789e-02 0.000000000000000000e+00 0.000000000000000000e+00 0.000000000000000000e+00 0.000000000000000000e+00 4.555729662784476774e-01 0.000000000000000000e+00 3.559859615962603363e-01
0.000000000000000000e+00 0.000000000000000000e+00 0.000000000000000000e+00 0.000000000000000000e+00 0.000000000000000000e+00 1.028542824127904286e-02 0.000000000000000000e+00 0.000000000000000000e+00 0.000000000000000000e+00 8.819626658637459704e-02 0.000000000000000000e+00 0.000000000000000000e+00 8.082918876442313216e-02 1.071016003281512370e-02 0.000000000000000000e+00 0.000000000000000000e+00 0.000000000000000000e+00 0.000000000000000000e+00 4.568342082416429473e-01 0.000000000000000000e+00 3.531447481334651362e-01
0.000000000000000000e+00 0.000000000000000000e+00 0.000000000000000000e+00 0.000000000000000000e+00 0.000000000000000000e+00 9.772195715021256626e-03 0.000000000000000000e+00 0.000000000000000000e+00 0.000000000000000000e+00 9.016824861054838214e-02 0.000000000000000000e+00 0.000000000000000000e+00 8.309355576952259792e-02 8.644915541798671443e-03 0.000000000000000000e+00 0.000000000000000000e+00 0.000000000000000000e+00 0.000000000000000000e+00 4.577320454784359893e-01 0.000000000000000000e+00 3.505890388846730210e-01
0.000000000000000000e+00 0.000000000000000000e+00 0.000000000000000000e+00 0.000000000000000000e+00 0.000000000000000000e+00 9.222095100756281388e-03 0.000000000000000000e+00 0.000000000000000000e+00 0.000000000000000000e+00 9.180445013112360775e-02 0.000000000000000000e+00 0.000000000000000000e+00 8.506044928459136067e-02 7.239748295242421500e-03 0.000000000000000000e+00 0.000000000000000000e+00 0.000000000000000000e+00 0.000000000000000000e+00 4.583349822065672097e-01 0.000000000000000000e+00 3.483382749817192092e-01
0.000000000000000000e+00 0.000000000000000000e+00 0.000000000000000000e+00 0.000000000000000000e+00 0.000000000000000000e+00 8.642807828060896508e-03 0.000000000000000000e+00 0.000000000000000000e+00 0.000000000000000000e+00 9.313646699460503831e-02 0.000000000000000000e+00 0.000000000000000000e+00 8.675470394587203593e-02 6.368742246906323665e-03 0.000000000000000000e+00 0.000000000000000000e+00 0.000000000000000000e+00 0.000000000000000000e+00 4.587031772256245366e-01 0.000000000000000000e+00 3.463941017589310389e-01
0.000000000000000000e+00 0.000000000000000000e+00 0.000000000000000000e+00 0.000000000000000000e+00 0.000000000000000000e+00 8.040253810222074138e-03 0.000000000000000000e+00 0.000000000000000000e+00 0.000000000000000000e+00 9.418660456068966846e-02 0.000000000000000000e+00 1.355073766052367578e-04 8.819308420397840853e-02 5.919455258244567773e-03 0.000000000000000000e+00 0.000000000000000000e+00 0.000000000000000000e+00 0.000000000000000000e+00 4.588261803662399552e-01 0.000000000000000000e+00 3.446989144240201752e-01
0.000000000000000000e+00 0.000000000000000000e+00 0.000000000000000000e+00 0.000000000000000000e+00 0.000000000000000000e+00 7.416196485495160466e-03 0.000000000000000000e+00 0.000000000000000000e+00 0.000000000000000000e+00 9.493881279594418299e-02 0.000000000000000000e+00 8.716668934186549197e-04 8.935687763883561063e-02 5.803338055358175408e-03 0.000000000000000000e+00 0.000000000000000000e+00 0.000000000000000000e+00 0.000000000000000000e+00 4.585320014920097886e-01 0.000000000000000000e+00 3.430811066389384822e-01
0.000000000000000000e+00 0.000000000000000000e+00 0.000000000000000000e+00 0.000000000000000000e+00 0.000000000000000000e+00 6.776255898850815952e-03 0.000000000000000000e+00 0.000000000000000000e+00 0.000000000000000000e+00 9.542801530976838253e-02 0.000000000000000000e+00 2.097343661506540727e-03 9.027535202489025967e-02 5.951312281994059449e-03 0.000000000000000000e+00 0.000000000000000000e+00 0.000000000000000000e+00 0.000000000000000000e+00 4.579059600642337857e-01 0.000000000000000000e+00 3.415657607587560540e-01
0.000000000000000000e+00 0.000000000000000000e+00 0.000000000000000000e+00 0.000000000000000000e+00 0.000000000000000000e+00 6.125963614106623087e-03 0.000000000000000000e+00 0.000000000000000000e+00 0.000000000000000000e+00 9.569700403431311009e-02 0.000000000000000000e+00 3.662821391618955279e-03 9.098579926357361347e-02 6.298824700318625749e-03 0.000000000000000000e+00 0.000000000000000000e+00 0.000000000000000000e+00 0.000000000000000000e+00 4.570468007963463530e-01 0.000000000000000000e+00 3.401827861997227531e-01
0.000000000000000000e+00 0.000000000000000000e+00 0.000000000000000000e+00 0.000000000000000000e+00 0.000000000000000000e+00 5.470095307826436555e-03 0.000000000000000000e+00 0.000000000000000000e+00 0.000000000000000000e+00 9.578848664137520896e-02 0.000000000000000000e+00 5.438346227804555753e-03 9.152613562769071343e-02 6.787667979948550957e-03 0.000000000000000000e+00 0.000000000000000000e+00 0.000000000000000000e+00 0.000000000000000000e+00 4.560394675036115175e-01 0.000000000000000000e+00 3.389498007117431322e-01
0.000000000000000000e+00 0.000000000000000000e+00 0.000000000000000000e+00 0.000000000000000000e+00 0.000000000000000000e+00 4.812565143433358492e-03 0.000000000000000000e+00 0.000000000000000000e+00 0.000000000000000000e+00 9.574275169402764185e-02 0.000000000000000000e+00 7.315876260582675900e-03 9.193267716932865263e-02 7.367465684315514102e-03 0.000000000000000000e+00 0.000000000000000000e+00 0.000000000000000000e+00 0.000000000000000000e+00 4.549542402374811556e-01 0.000000000000000000e+00 3.378744238108309927e-01
0.000000000000000000e+00 0.000000000000000000e+00 0.000000000000000000e+00 0.000000000000000000e+00 0.000000000000000000e+00 4.156421736809043019e-03 0.000000000000000000e+00 0.000000000000000000e+00 0.000000000000000000e+00 9.559614224994573972e-02 0.000000000000000000e+00 9.208935819034843109e-03 9.223862826735819420e-02 7.996244091170043311e-03 0.000000000000000000e+00 0.000000000000000000e+00 0.000000000000000000e+00 0.000000000000000000e+00 4.538470419116061305e-01 0.000000000000000000e+00 3.369565859240760131e-01
0.000000000000000000e+00 0.000000000000000000e+00 0.000000000000000000e+00 0.000000000000000000e+00 0.000000000000000000e+00 3.503913052860324617e-03 0.000000000000000000e+00 0.000000000000000000e+00 0.000000000000000000e+00 9.538023549899002362e-02 0.000000000000000000e+00 1.105116109831774662e-02 9.247320912132316051e-02 8.640307176659782137e-03 0.000000000000000000e+00 0.000000000000000000e+00 0.000000000000000000e+00 0.000000000000000000e+00 4.527605418763960277e-01 0.000000000000000000e+00 3.361906321754529747e-01
0.000000000000000000e+00 0.000000000000000000e+00 0.000000000000000000e+00 0.000000000000000000e+00 0.000000000000000000e+00 2.856590754484284508e-03 0.000000000000000000e+00 0.000000000000000000e+00 0.000000000000000000e+00 9.512157280684160887e-02 0.000000000000000000e+00 1.279407006863945637e-02 9.266129338594189524e-02 9.273641958133738150e-03 0.000000000000000000e+00 0.000000000000000000e+00 0.000000000000000000e+00 0.000000000000000000e+00 4.517257196597741498e-01 0.000000000000000000e+00 3.355671113661848337e-01
0.000000000000000000e+00 0.000000000000000000e+00 0.000000000000000000e+00 0.000000000000000000e+00 0.000000000000000000e+00 2.215431008946376970e-03 0.000000000000000000e+00 0.000000000000000000e+00 0.000000000000000000e+00 9.484177824084429054e-02 0.000000000000000000e+00 1.440447995907643761e-02 9.282341572246534389e-02 9.877052471711040768e-03 0.000000000000000000e+00 0.000000000000000000e+00 0.000000000000000000e+00 0.000000000000000000e+00 4.507636230915396669e-01 0.000000000000000000e+00 3.350742195054169370e-01
0.000000000000000000e+00 0.000000000000000000e+00 0.000000000000000000e+00 0.000000000000000000e+00 0.000000000000000000e+00 1.580955805533334688e-03 0.000000000000000000e+00 0.000000000000000000e+00 0.000000000000000000e+00 9.455792359675153913e-02 0.000000000000000000e+00 1.586187389651017715e-02 9.297602283024483660e-02 1.043717560624866578e-02 0.000000000000000000e+00 0.000000000000000000e+00 0.000000000000000000e+00 0.000000000000000000e+00 4.498871330317295025e-01 0.000000000000000000e+00 3.346989152329818973e-01
0.000000000000000000e+00 0.000000000000000000e+00 0.000000000000000000e+00 0.000000000000000000e+00 0.000000000000000000e+00 9.533449801678937473e-04 0.000000000000000000e+00 0.000000000000000000e+00 0.000000000000000000e+00 9.428302833894433577e-02 0.000000000000000000e+00 1.715590961251584057e-02 9.313186627998758238e-02 1.094548594128092085e-02 0.000000000000000000e+00 0.000000000000000000e+00 0.000000000000000000e+00 0.000000000000000000e+00 4.491026160799428957e-01 0.000000000000000000e+00 3.344277487671606375e-01
0.000000000000000000e+00 0.000000000000000000e+00 0.000000000000000000e+00 0.000000000000000000e+00 0.000000000000000000e+00 3.325338355550572548e-04 0.000000000000000000e+00 0.000000000000000000e+00 0.000000000000000000e+00 9.402661392420021136e-02 0.000000000000000000e+00 1.828417783260324544e-02 9.330046207036822581e-02 1.139735729922922505e-02 0.000000000000000000e+00 0.000000000000000000e+00 0.000000000000000000e+00 0.000000000000000000e+00 4.484114005974086381e-01 0.000000000000000000e+00 3.342474544406353609e-01
0.000000000000000000e+00 0.000000000000000000e+00 0.000000000000000000e+00 0.000000000000000000e+00 0.000000000000000000e+00 0.000000000000000000e+00 0.000000000000000000e+00 0.000000000000000000e+00 0.000000000000000000e+00 9.376154668893726951e-02 0.000000000000000000e+00 1.926105684321086434e-02 9.345495337306272687e-02 1.179448486080121421e-02 0.000000000000000000e+00 0.000000000000000000e+00 0.000000000000000000e+00 0.000000000000000000e+00 4.476762296654725470e-01 0.000000000000000000e+00 3.340517285685155047e-01
0.000000000000000000e+00 0.000000000000000000e+00 0.000000000000000000e+00 0.000000000000000000e+00 0.000000000000000000e+00 0.000000000000000000e+00 0.000000000000000000e+00 0.000000000000000000e+00 0.000000000000000000e+00 9.342875554083909795e-02 0.000000000000000000e+00 2.021903675375102266e-02 9.353598455365290387e-02 1.218846462909393275e-02 0.000000000000000000e+00 0.000000000000000000e+00 0.000000000000000000e+00 0.000000000000000000e+00 4.468064559519739909e-01 0.000000000000000000e+00 3.338213025706890935e-01
0.000000000000000000e+00 0.000000000000000000e+00 0.000000000000000000e+00 0.000000000000000000e+00 0.000000000000000000e+00 0.000000000000000000e+00 0.000000000000000000e+00 0.000000000000000000e+00 0.000000000000000000e+00 9.306084667529046506e-02 0.000000000000000000e+00 2.116353420617494638e-02 9.357547338117676305e-02 1.258179779754721450e-02 0.000000000000000000e+00 0.000000000000000000e+00 0.000000000000000000e+00 0.000000000000000000e+00 4.459539139502688987e-01 0.000000000000000000e+00 3.336644339895417088e-01
0.000000000000000000e+00 0.000000000000000000e+00 0.000000000000000000e+00 0.000000000000000000e+00 0.000000000000000000e+00 0.000000000000000000e+00 0.000000000000000000e+00 0.000000000000000000e+00 0.000000000000000000e+00 9.267228415290762467e-02 0.000000000000000000e+00 2.206666596299074537e-02 9.358760682234266992e-02 1.296214665811184705e-02 0.000000000000000000e+00 0.000000000000000000e+00 0.000000000000000000e+00 0.000000000000000000e+00 4.451351061805854936e-01 0.000000000000000000e+00 3.335761902230616194e-01
0.000000000000000000e+00 0.000000000000000000e+00 0.000000000000000000e+00 0.000000000000000000e+00 0.000000000000000000e+00 0.000000000000000000e+00 0.000000000000000000e+00 0.000000000000000000e+00 0.000000000000000000e+00 9.227475834289079748e-02 0.000000000000000000e+00 2.290886572868804441e-02 9.358400308985517779e-02 1.332055010606156276e-02 0.000000000000000000e+00 0.000000000000000000e+00 0.000000000000000000e+00 0.000000000000000000e+00 4.443612299074358729e-01 0.000000000000000000e+00 3.335505928250686591e-01
0.000000000000000000e+00 0.000000000000000000e+00 0.000000000000000000e+00 0.000000000000000000e+00 0.000000000000000000e+00 0.000000000000000000e+00 0.000000000000000000e+00 0.000000000000000000e+00 0.000000000000000000e+00 9.187745840942947162e-02 0.000000000000000000e+00 2.367746124917236711e-02 9.357392983480326831e-02 1.365090887872429971e-02 0.000000000000000000e+00 0.000000000000000000e+00 0.000000000000000000e+00 0.000000000000000000e+00 4.436391398446211110e-01 0.000000000000000000e+00 3.335811017832494008e-01
0.000000000000000000e+00 0.000000000000000000e+00 0.000000000000000000e+00 0.000000000000000000e+00 0.000000000000000000e+00 0.000000000000000000e+00 0.000000000000000000e+00 0.000000000000000000e+00 0.000000000000000000e+00 9.148737860382256948e-02 0.000000000000000000e+00 2.436535891537361734e-02 9.356456392635446873e-02 1.394948838280877373e-02 0.000000000000000000e+00 0.000000000000000000e+00 0.000000000000000000e+00 0.000000000000000000e+00 4.429722262890619100e-01 0.000000000000000000e+00 3.336609838825785324e-01
0.000000000000000000e+00 0.000000000000000000e+00 0.000000000000000000e+00 0.000000000000000000e+00 0.000000000000000000e+00 0.000000000000000000e+00 0.000000000000000000e+00 0.000000000000000000e+00 0.000000000000000000e+00 9.110963174042091550e-02 0.000000000000000000e+00 2.496986718281744150e-02 9.356126655508413548e-02 1.421445904477280919e-02 0.000000000000000000e+00 0.000000000000000000e+00 0.000000000000000000e+00 0.000000000000000000e+00 4.423611912264741042e-01 0.000000000000000000e+00 3.337835842504306982e-01
0.000000000000000000e+00 0.000000000000000000e+00 0.000000000000000000e+00 0.000000000000000000e+00 0.000000000000000000e+00 0.000000000000000000e+00 0.000000000000000000e+00 0.000000000000000000e+00 0.000000000000000000e+00 9.074775192572658022e-02 0.000000000000000000e+00 2.549167135601961703e-02 9.356785540958865999e-02 1.444548514979687032e-02 0.000000000000000000e+00 0.000000000000000000e+00 0.000000000000000000e+00 0.000000000000000000e+00 4.418047168822443194e-01 0.000000000000000000e+00 3.339425192766239392e-01
0.000000000000000000e+00 0.000000000000000000e+00 0.000000000000000000e+00 0.000000000000000000e+00 0.000000000000000000e+00 0.000000000000000000e+00 0.000000000000000000e+00 0.000000000000000000e+00 0.000000000000000000e+00 9.040397544341140235e-02 0.000000000000000000e+00 2.593395959074237811e-02 9.358686211109805420e-02 1.464336664135504340e-02 0.000000000000000000e+00 0.000000000000000000e+00 0.000000000000000000e+00 0.000000000000000000e+00 4.413000290990385932e-01 0.000000000000000000e+00 3.341318071143543622e-01
0.000000000000000000e+00 0.000000000000000000e+00 0.000000000000000000e+00 0.000000000000000000e+00 0.000000000000000000e+00 0.000000000000000000e+00 0.000000000000000000e+00 0.000000000000000000e+00 0.000000000000000000e+00 9.007949376593551993e-02 0.000000000000000000e+00 2.630169203701611044e-02 9.361976796338555840e-02 1.480973394603331099e-02 0.000000000000000000e+00 0.000000000000000000e+00 0.000000000000000000e+00 0.000000000000000000e+00 4.408433627158750978e-01 0.000000000000000000e+00 3.343459495717545082e-01
0.000000000000000000e+00 0.000000000000000000e+00 0.000000000000000000e+00 0.000000000000000000e+00 0.000000000000000000e+00 0.000000000000000000e+00 0.000000000000000000e+00 0.000000000000000000e+00 0.000000000000000000e+00 8.977467622876994513e-02 0.000000000000000000e+00 2.660100061445555553e-02 9.366721458245275134e-02 1.494679310942053328e-02 0.000000000000000000e+00 0.000000000000000000e+00 0.000000000000000000e+00 0.000000000000000000e+00 4.404303386605716297e-01 0.000000000000000000e+00 3.345799768043296041e-01
0.000000000000000000e+00 0.000000000000000000e+00 0.000000000000000000e+00 0.000000000000000000e+00 0.000000000000000000e+00 0.000000000000000000e+00 0.000000000000000000e+00 0.000000000000000000e+00 0.000000000000000000e+00 8.948926227910032616e-02 0.000000000000000000e+00 2.683870490160256486e-02 9.372918837410605664e-02 1.505711694774713831e-02 0.000000000000000000e+00 0.000000000000000000e+00 0.000000000000000000e+00 0.000000000000000000e+00 4.400562634663399142e-01 0.000000000000000000e+00 3.348294640311041959e-01
0.000000000000000000e+00 0.000000000000000000e+00 0.000000000000000000e+00 0.000000000000000000e+00 0.000000000000000000e+00 0.000000000000000000e+00 0.000000000000000000e+00 0.000000000000000000e+00 0.000000000000000000e+00 8.922252469547152509e-02 0.000000000000000000e+00 2.702192919048900660e-02 9.380517938864105232e-02 1.514347717438823543e-02 0.000000000000000000e+00 0.000000000000000000e+00 0.000000000000000000e+00 0.000000000000000000e+00 4.397163619374210297e-01 0.000000000000000000e+00 3.350905276135891508e-01
0.000000000000000000e+00 0.000000000000000000e+00 0.000000000000000000e+00 0.000000000000000000e+00 0.000000000000000000e+00 0.000000000000000000e+00 0.000000000000000000e+00 0.000000000000000000e+00 0.000000000000000000e+00 8.897340602193165582e-02 0.000000000000000000e+00 2.715780628749693559e-02 9.389431602892041318e-02 1.520871226755938013e-02 0.000000000000000000e+00 0.000000000000000000e+00 0.000000000000000000e+00 0.000000000000000000e+00 4.394059531198206692e-01 0.000000000000000000e+00 3.353598062742708663e-01
0.000000000000000000e+00 0.000000000000000000e+00 0.000000000000000000e+00 0.000000000000000000e+00 0.000000000000000000e+00 0.000000000000000000e+00 0.000000000000000000e+00 0.000000000000000000e+00 0.000000000000000000e+00 8.874063087094091751e-02 0.000000000000000000e+00 2.725325470091396682e-02 9.399547760607619706e-02 1.525562599644837009e-02 0.000000000000000000e+00 0.000000000000000000e+00 0.000000000000000000e+00 0.000000000000000000e+00 4.391205788577683400e-01 0.000000000000000000e+00 3.356344319678521426e-01
0.000000000000000000e+00 0.000000000000000000e+00 0.000000000000000000e+00 0.000000000000000000e+00 0.000000000000000000e+00 0.000000000000000000e+00 0.000000000000000000e+00 0.000000000000000000e+00 0.000000000000000000e+00 8.852279687476452552e-02 0.000000000000000000e+00 2.731481715934434146e-02 9.410738696736034581e-02 1.528691187016806459e-02 0.000000000000000000e+00 0.000000000000000000e+00 0.000000000000000000e+00 0.000000000000000000e+00 4.388560932148345972e-01 0.000000000000000000e+00 3.359119939135281618e-01
0.000000000000000000e+00 0.000000000000000000e+00 0.000000000000000000e+00 0.000000000000000000e+00 0.000000000000000000e+00 0.000000000000000000e+00 0.000000000000000000e+00 0.000000000000000000e+00 0.000000000000000000e+00 8.831844701393466723e-02 0.000000000000000000e+00 2.734854977539859927e-02 9.422868546675051971e-02 1.530509921783762203e-02 0.000000000000000000e+00 0.000000000000000000e+00 0.000000000000000000e+00 0.000000000000000000e+00 4.386087200213116821e-01 0.000000000000000000e+00 3.361904985047670658e-01
0.000000000000000000e+00 0.000000000000000000e+00 0.000000000000000000e+00 0.000000000000000000e+00 0.000000000000000000e+00 0.000000000000000000e+00 0.000000000000000000e+00 0.000000000000000000e+00 0.000000000000000000e+00 8.812612589868362711e-02 0.000000000000000000e+00 2.735995250253706393e-02 9.435799248343915147e-02 1.531251708494520830e-02 0.000000000000000000e+00 0.000000000000000000e+00 0.000000000000000000e+00 0.000000000000000000e+00 4.383750848391716470e-01 0.000000000000000000e+00 3.364683271912234375e-01
0.000000000000000000e+00 0.000000000000000000e+00 0.000000000000000000e+00 0.000000000000000000e+00 0.000000000000000000e+00 0.000000000000000000e+00 0.000000000000000000e+00 0.000000000000000000e+00 0.000000000000000000e+00 8.794442237471386536e-02 0.000000000000000000e+00 2.735393277583442542e-02 9.449395156530893125e-02 1.531127260231650994e-02 0.000000000000000000e+00 0.000000000000000000e+00 0.000000000000000000e+00 0.000000000000000000e+00 4.381522267437604756e-01 0.000000000000000000e+00 3.367441939380658722e-01
0.000000000000000000e+00 0.000000000000000000e+00 0.000000000000000000e+00 0.000000000000000000e+00 0.000000000000000000e+00 0.000000000000000000e+00 0.000000000000000000e+00 0.000000000000000000e+00 0.000000000000000000e+00 8.777200059969655910e-02 0.000000000000000000e+00 2.733479535719373840e-02 9.463526511561377863e-02 1.530324092812854198e-02 0.000000000000000000e+00 0.000000000000000000e+00 0.000000000000000000e+00 0.000000000000000000e+00 4.379375945189276642e-01 0.000000000000000000e+00 3.370171034804396171e-01
