4.388594586366333095e-02 5.272581907449095523e-02 2.473075054323351993e-02 4.820025456607042458e-02 4.790062447196136164e-02 7.282843219195399287e-02 0.000000000000000000e+00 8.268453705223326178e-03 1.602642803692859094e-02 7.211541295084361591e-02 2.029901213375635838e-02 1.145388075068310002e-01 3.583832815754774137e-02 9.706741285540168573e-02 0.000000000000000000e+00 1.608687275007810065e-03 0.000000000000000000e+00 8.359471732248194287e-02 1.105416572534689001e-01 9.319767024200037442e-02 5.663158584913511456e-02
4.362812412555042846e-02 4.775360770216648121e-02 1.395184035643593466e-02 3.945832336257324574e-02 5.105611017785179062e-02 6.928735079973837030e-02 0.000000000000000000e+00 0.000000000000000000e+00 7.242278335053175739e-03 7.054397669704852436e-02 5.783947109590853106e-03 1.096142049108813493e-01 3.475094741968657447e-02 1.081624181779056587e-01 0.000000000000000000e+00 3.512310951160297484e-03 0.000000000000000000e+00 7.244505393092377787e-02 1.660637225777087389e-01 6.599138092952012979e-02 9.075440243620459813e-02
4.493498964504104298e-02 4.443385137016293146e-02 8.658902792899896353e-03 3.445596717942842058e-02 5.472553350826453444e-02 5.973758116067787866e-02 0.000000000000000000e+00 0.000000000000000000e+00 3.900585788330608941e-03 6.281750557215155795e-02 0.000000000000000000e+00 9.862684173069022342e-02 3.068610823536722237e-02 1.077266585942135840e-01 6.352571558810434990e-04 9.085347482200743438e-03 1.372230073329058320e-04 6.090323656760099347e-02 2.248546158006461404e-01 4.428704190351054337e-02 1.093927525055996969e-01
1.785324494943727608e-02 1.267815234535711946e-02 0.000000000000000000e+00 0.000000000000000000e+00 3.237384928624392755e-02 6.923953318240180788e-02 0.000000000000000000e+00 0.000000000000000000e+00 0.000000000000000000e+00 7.493578774508635743e-02 0.000000000000000000e+00 1.241869839742731074e-01 3.618788143591912532e-02 1.255048275095576316e-01 0.000000000000000000e+00 0.000000000000000000e+00 0.000000000000000000e+00 3.021349071158751370e-02 2.829179772186730113e-01 2.681203603643195210e-02 1.670962356050312292e-01
1.629946498136932223e-02 9.161232097346998574e-03 0.000000000000000000e+00 0.000000000000000000e+00 3.114601092043659328e-02 5.752729816598457085e-02 0.000000000000000000e+00 0.000000000000000000e+00 0.000000000000000000e+00 6.410675412178254429e-02 0.000000000000000000e+00 1.227879708677847709e-01 3.058403928579335809e-02 1.122791849532839142e-01 0.000000000000000000e+00 2.063033858751738264e-03 0.000000000000000000e+00 2.120499886692204031e-02 3.154808845345614121e-01 1.547718804458682665e-02 2.018819393013958907e-01
1.526024800011499712e-02 8.599169082878405784e-03 0.000000000000000000e+00 0.000000000000000000e+00 3.168644922643109457e-02 4.671876598549151716e-02 0.000000000000000000e+00 0.000000000000000000e+00 0.000000000000000000e+00 5.349249277033124583e-02 0.000000000000000000e+00 1.171543241743028124e-01 2.523044289450180472e-02 1.005238348589973241e-01 0.000000000000000000e+00 6.176119854986279571e-03 1.320022315341464652e-03 1.344309798337155713e-02 3.334604679063948307e-01 1.066328143308258557e-02 2.362712835137739387e-01
0.000000000000000000e+00 0.000000000000000000e+00 0.000000000000000000e+00 0.000000000000000000e+00 6.991501173992618716e-03 4.409539680448237159e-02 0.000000000000000000e+00 0.000000000000000000e+00 0.000000000000000000e+00 5.206707668000707528e-02 0.000000000000000000e+00 1.413889592490185643e-01 2.424215151673493954e-02 9.040824887747297978e-02 0.000000000000000000e+00 0.000000000000000000e+00 0.000000000000000000e+00 0.000000000000000000e+00 3.599776158855551578e-01 9.666885259508573545e-04 2.798623612867856547e-01
0.000000000000000000e+00 0.000000000000000000e+00 0.000000000000000000e+00 0.000000000000000000e+00 0.000000000000000000e+00 4.226633404602970351e-02 0.000000000000000000e+00 0.000000000000000000e+00 0.000000000000000000e+00 5.154206763238669553e-02 0.000000000000000000e+00 1.378649770479855319e-01 2.367162552456465729e-02 7.018128146411639623e-02 0.000000000000000000e+00 0.000000000000000000e+00 0.000000000000000000e+00 0.000000000000000000e+00 3.744846673859199560e-01 0.000000000000000000e+00 2.999890468989970804e-01
0.000000000000000000e+00 0.000000000000000000e+00 0.000000000000000000e+00 0.000000000000000000e+00 0.000000000000000000e+00 4.082149053195943678e-02 0.000000000000000000e+00 0.000000000000000000e+00 0.000000000000000000e+00 5.142156383752221477e-02 0.000000000000000000e+00 1.319001995969995011e-01 2.331232227647724378e-02 5.019969597387768240e-02 0.000000000000000000e+00 0.000000000000000000e+00 0.000000000000000000e+00 0.000000000000000000e+00 3.878373639248471338e-01 0.000000000000000000e+00 3.145073638583168463e-01
0.000000000000000000e+00 0.000000000000000000e+00 0.000000000000000000e+00 0.000000000000000000e+00 0.000000000000000000e+00 3.843273652579189126e-02 0.000000000000000000e+00 0.000000000000000000e+00 0.000000000000000000e+00 4.997745346215697743e-02 0.000000000000000000e+00 1.393088470312010552e-01 2.238957843940574122e-02 3.462064829824046397e-02 0.000000000000000000e+00 0.000000000000000000e+00 0.000000000000000000e+00 0.000000000000000000e+00 3.928223374879203922e-01 0.000000000000000000e+00 3.224483987552834718e-01
0.000000000000000000e+00 0.000000000000000000e+00 0.000000000000000000e+00 0.000000000000000000e+00 0.000000000000000000e+00 3.896293745055204316e-02 0.000000000000000000e+00 0.000000000000000000e+00 0.000000000000000000e+00 5.287910827006750414e-02 0.000000000000000000e+00 1.360276681041033831e-01 2.336485479332594747e-02 1.355790101967447106e-02 0.000000000000000000e+00 0.000000000000000000e+00 0.000000000000000000e+00 0.000000000000000000e+00 4.081384334895710175e-01 0.000000000000000000e+00 3.270690968727055781e-01
0.000000000000000000e+00 0.000000000000000000e+00 0.000000000000000000e+00 0.000000000000000000e+00 4.049484437523349911e-03 3.132216157160060827e-02 0.000000000000000000e+00 0.000000000000000000e+00 0.000000000000000000e+00 4.381174259399089194e-02 0.000000000000000000e+00 1.440722595470122214e-01 1.912609326769633758e-02 3.454000033275965442e-02 0.000000000000000000e+00 1.576323579602809458e-02 5.495496061322740176e-03 0.000000000000000000e+00 3.819260229441651111e-01 9.356588052023481761e-03 3.105369153958773554e-01
0.000000000000000000e+00 0.000000000000000000e+00 0.000000000000000000e+00 0.000000000000000000e+00 0.000000000000000000e+00 3.354971098071356239e-02 0.000000000000000000e+00 0.000000000000000000e+00 0.000000000000000000e+00 4.927292712586034407e-02 0.000000000000000000e+00 1.417306269309840661e-01 2.118734048569629810e-02 1.081837788373840765e-02 0.000000000000000000e+00 0.000000000000000000e+00 0.000000000000000000e+00 0.000000000000000000e+00 4.126436136774599972e-01 0.000000000000000000e+00 3.307974029155472673e-01
0.000000000000000000e+00 0.000000000000000000e+00 0.000000000000000000e+00 0.000000000000000000e+00 0.000000000000000000e+00 3.488273673234653510e-02 0.000000000000000000e+00 0.000000000000000000e+00 0.000000000000000000e+00 5.357864983711954632e-02 0.000000000000000000e+00 1.291154998653462338e-01 2.275099579426365093e-02 0.000000000000000000e+00 0.000000000000000000e+00 0.000000000000000000e+00 0.000000000000000000e+00 0.000000000000000000e+00 4.250137828061279488e-01 0.000000000000000000e+00 3.346583349647960781e-01
0.000000000000000000e+00 0.000000000000000000e+00 0.000000000000000000e+00 0.000000000000000000e+00 0.000000000000000000e+00 3.578019834241919633e-02 0.000000000000000000e+00 0.000000000000000000e+00 0.000000000000000000e+00 5.734331328389432464e-02 0.000000000000000000e+00 1.159120591980623838e-01 2.407917263233525992e-02 0.000000000000000000e+00 0.000000000000000000e+00 0.000000000000000000e+00 0.000000000000000000e+00 0.000000000000000000e+00 4.328638015998874100e-01 0.000000000000000000e+00 3.340214549434013525e-01
0.000000000000000000e+00 0.000000000000000000e+00 0.000000000000000000e+00 0.000000000000000000e+00 0.000000000000000000e+00 3.649826859932219641e-02 0.000000000000000000e+00 0.000000000000000000e+00 0.000000000000000000e+00 6.093076998318223275e-02 0.000000000000000000e+00 1.038553935696087116e-01 2.531932855032074936e-02 0.000000000000000000e+00 0.000000000000000000e+00 0.000000000000000000e+00 0.000000000000000000e+00 0.000000000000000000e+00 4.402695004350249963e-01 0.000000000000000000e+00 3.331267388625410719e-01
0.000000000000000000e+00 0.000000000000000000e+00 0.000000000000000000e+00 0.000000000000000000e+00 0.000000000000000000e+00 3.684897671999364660e-02 0.000000000000000000e+00 0.000000000000000000e+00 0.000000000000000000e+00 6.389541077949642545e-02 0.000000000000000000e+00 9.425149201617730177e-02 2.630484922747364229e-02 0.000000000000000000e+00 0.000000000000000000e+00 0.000000000000000000e+00 0.000000000000000000e+00 0.000000000000000000e+00 4.456251039485587540e-01 0.000000000000000000e+00 3.330741673083003618e-01
0.000000000000000000e+00 0.000000000000000000e+00 0.000000000000000000e+00 0.000000000000000000e+00 0.000000000000000000e+00 3.695140450744476696e-02 0.000000000000000000e+00 0.000000000000000000e+00 0.000000000000000000e+00 6.642762361941040306e-02 0.000000000000000000e+00 8.653532155267976145e-02 2.711590318285587997e-02 0.000000000000000000e+00 0.000000000000000000e+00 0.000000000000000000e+00 0.000000000000000000e+00 0.000000000000000000e+00 4.496948819700928857e-01 0.000000000000000000e+00 3.332748651675161988e-01
0.000000000000000000e+00 0.000000000000000000e+00 0.000000000000000000e+00 0.000000000000000000e+00 0.000000000000000000e+00 3.686879811200717560e-02 0.000000000000000000e+00 0.000000000000000000e+00 0.000000000000000000e+00 6.862615679835083748e-02 0.000000000000000000e+00 8.032403902352784619e-02 2.779382697325971305e-02 0.000000000000000000e+00 0.000000000000000000e+00 0.000000000000000000e+00 0.000000000000000000e+00 0.000000000000000000e+00 4.528108472990426403e-01 0.000000000000000000e+00 3.335763317938117423e-01
0.000000000000000000e+00 0.000000000000000000e+00 0.000000000000000000e+00 0.000000000000000000e+00 0.000000000000000000e+00 3.664415083822334523e-02 0.000000000000000000e+00 0.000000000000000000e+00 0.000000000000000000e+00 7.055888379581183589e-02 0.000000000000000000e+00 7.532521382155363265e-02 2.836678895164771591e-02 0.000000000000000000e+00 0.000000000000000000e+00 0.000000000000000000e+00 0.000000000000000000e+00 0.000000000000000000e+00 4.551892383410396370e-01 0.000000000000000000e+00 3.339157242517238888e-01
0.000000000000000000e+00 0.000000000000000000e+00 0.000000000000000000e+00 0.000000000000000000e+00 0.000000000000000000e+00 3.630864894899960699e-02 0.000000000000000000e+00 0.000000000000000000e+00 0.000000000000000000e+00 7.227606672101803686e-02 0.000000000000000000e+00 7.130863620907426648e-02 2.885546383422361860e-02 0.000000000000000000e+00 0.000000000000000000e+00 0.000000000000000000e+00 0.000000000000000000e+00 0.000000000000000000e+00 4.569871820085155134e-01 0.000000000000000000e+00 3.342640022781688813e-01
0.000000000000000000e+00 0.000000000000000000e+00 0.000000000000000000e+00 0.000000000000000000e+00 0.000000000000000000e+00 3.588566376228327637e-02 0.000000000000000000e+00 0.000000000000000000e+00 0.000000000000000000e+00 7.381629787691755540e-02 0.000000000000000000e+00 6.809039573985492533e-02 2.927559117904641323e-02 0.000000000000000000e+00 0.000000000000000000e+00 0.000000000000000000e+00 0.000000000000000000e+00 0.000000000000000000e+00 4.583240411726287600e-01 0.000000000000000000e+00 3.346080102692691183e-01
0.000000000000000000e+00 0.000000000000000000e+00 0.000000000000000000e+00 0.000000000000000000e+00 0.000000000000000000e+00 3.539316699915781572e-02 0.000000000000000000e+00 0.000000000000000000e+00 0.000000000000000000e+00 7.521009048862881130e-02 0.000000000000000000e+00 6.552176815657187459e-02 2.963951299202268602e-02 0.000000000000000000e+00 0.000000000000000000e+00 0.000000000000000000e+00 0.000000000000000000e+00 0.000000000000000000e+00 4.592931187842193563e-01 0.000000000000000000e+00 3.349423425793993658e-01
0.000000000000000000e+00 0.000000000000000000e+00 0.000000000000000000e+00 0.000000000000000000e+00 0.000000000000000000e+00 3.484528201211996995e-02 0.000000000000000000e+00 0.000000000000000000e+00 0.000000000000000000e+00 7.648220575391660725e-02 0.000000000000000000e+00 6.348126994424538316e-02 2.995716337436200513e-02 0.000000000000000000e+00 0.000000000000000000e+00 0.000000000000000000e+00 0.000000000000000000e+00 0.000000000000000000e+00 4.599689689880257504e-01 0.000000000000000000e+00 3.352651099273303292e-01
0.000000000000000000e+00 0.000000000000000000e+00 0.000000000000000000e+00 0.000000000000000000e+00 0.000000000000000000e+00 3.425330140693360476e-02 0.000000000000000000e+00 0.000000000000000000e+00 0.000000000000000000e+00 7.765318558108043334e-02 0.000000000000000000e+00 6.186894739064263682e-02 3.023671698848758721e-02 0.000000000000000000e+00 0.000000000000000000e+00 0.000000000000000000e+00 0.000000000000000000e+00 0.000000000000000000e+00 4.604122044296039551e-01 0.000000000000000000e+00 3.355756442032517550e-01
0.000000000000000000e+00 0.000000000000000000e+00 0.000000000000000000e+00 0.000000000000000000e+00 0.000000000000000000e+00 3.362637416396736800e-02 0.000000000000000000e+00 0.000000000000000000e+00 0.000000000000000000e+00 7.874039148744198247e-02 0.000000000000000000e+00 6.060216783864386808e-02 3.048502641119012202e-02 0.000000000000000000e+00 0.000000000000000000e+00 0.000000000000000000e+00 0.000000000000000000e+00 0.000000000000000000e+00 4.606728196174149081e-01 0.000000000000000000e+00 3.358732204813417721e-01
0.000000000000000000e+00 0.000000000000000000e+00 0.000000000000000000e+00 0.000000000000000000e+00 0.000000000000000000e+00 3.297199021797764251e-02 0.000000000000000000e+00 0.000000000000000000e+00 0.000000000000000000e+00 7.975875133148775664e-02 0.000000000000000000e+00 5.961238492413339224e-02 3.070793398953398229e-02 0.000000000000000000e+00 0.000000000000000000e+00 0.000000000000000000e+00 0.000000000000000000e+00 0.000000000000000000e+00 4.607926512837242639e-01 0.000000000000000000e+00 3.361562882531429763e-01
0.000000000000000000e+00 0.000000000000000000e+00 0.000000000000000000e+00 0.000000000000000000e+00 0.000000000000000000e+00 3.229634252511792702e-02 0.000000000000000000e+00 0.000000000000000000e+00 0.000000000000000000e+00 8.072135092572615966e-02 0.000000000000000000e+00 5.884251715618912804e-02 3.091051518378296059e-02 0.000000000000000000e+00 0.000000000000000000e+00 0.000000000000000000e+00 0.000000000000000000e+00 0.000000000000000000e+00 4.608073762824479447e-01 0.000000000000000000e+00 3.364218979267359355e-01
0.000000000000000000e+00 0.000000000000000000e+00 0.000000000000000000e+00 0.000000000000000000e+00 0.000000000000000000e+00 3.160461909594704244e-02 0.000000000000000000e+00 0.000000000000000000e+00 0.000000000000000000e+00 8.163997600621918094e-02 0.000000000000000000e+00 5.824467692406887914e-02 3.109729583340250722e-02 0.000000000000000000e+00 0.000000000000000000e+00 0.000000000000000000e+00 0.000000000000000000e+00 0.000000000000000000e+00 4.607483519516555881e-01 0.000000000000000000e+00 3.366650801887067224e-01
0.000000000000000000e+00 0.000000000000000000e+00 0.000000000000000000e+00 0.000000000000000000e+00 0.000000000000000000e+00 3.090126617364438374e-02 0.000000000000000000e+00 0.000000000000000000e+00 0.000000000000000000e+00 8.252571606195392706e-02 0.000000000000000000e+00 5.777800236505901271e-02 3.127248606141793535e-02 0.000000000000000000e+00 0.000000000000000000e+00 0.000000000000000000e+00 0.000000000000000000e+00 0.000000000000000000e+00 4.606446327372109018e-01 0.000000000000000000e+00 3.368778966007138775e-01
0.000000000000000000e+00 0.000000000000000000e+00 0.000000000000000000e+00 0.000000000000000000e+00 0.000000000000000000e+00 3.019027036236713799e-02 0.000000000000000000e+00 0.000000000000000000e+00 0.000000000000000000e+00 8.338981114909810310e-02 0.000000000000000000e+00 5.740623413758821902e-02 3.144029736665081981e-02 0.000000000000000000e+00 0.000000000000000000e+00 0.000000000000000000e+00 0.000000000000000000e+00 0.000000000000000000e+00 4.605257333475812342e-01 0.000000000000000000e+00 3.370476536367144615e-01
0.000000000000000000e+00 0.000000000000000000e+00 0.000000000000000000e+00 0.000000000000000000e+00 0.000000000000000000e+00 2.947555064197830699e-02 0.000000000000000000e+00 0.000000000000000000e+00 0.000000000000000000e+00 8.424515943750586489e-02 0.000000000000000000e+00 5.709425981425034907e-02 3.160549348338939635e-02 0.000000000000000000e+00 0.000000000000000000e+00 0.000000000000000000e+00 0.000000000000000000e+00 0.000000000000000000e+00 4.604265073345059078e-01 0.000000000000000000e+00 3.371530292883701541e-01
0.000000000000000000e+00 0.000000000000000000e+00 0.000000000000000000e+00 0.000000000000000000e+00 0.000000000000000000e+00 2.876171949818104312e-02 0.000000000000000000e+00 0.000000000000000000e+00 0.000000000000000000e+00 8.510975101524623221e-02 0.000000000000000000e+00 5.680132395816351459e-02 3.177462847911726590e-02 0.000000000000000000e+00 0.000000000000000000e+00 0.000000000000000000e+00 0.000000000000000000e+00 0.000000000000000000e+00 4.603984443545192651e-01 0.000000000000000000e+00 3.371541326947727346e-01
0.000000000000000000e+00 0.000000000000000000e+00 0.000000000000000000e+00 0.000000000000000000e+00 0.000000000000000000e+00 2.805630416810115171e-02 0.000000000000000000e+00 0.000000000000000000e+00 0.000000000000000000e+00 8.601736970325198073e-02 0.000000000000000000e+00 5.646134992798664681e-02 3.195988392546379037e-02 0.000000000000000000e+00 0.000000000000000000e+00 0.000000000000000000e+00 0.000000000000000000e+00 0.000000000000000000e+00 4.605464442786463275e-01 0.000000000000000000e+00 3.369586479965500647e-01
0.000000000000000000e+00 0.000000000000000000e+00 0.000000000000000000e+00 0.000000000000000000e+00 0.000000000000000000e+00 2.738288597267797553e-02 0.000000000000000000e+00 0.000000000000000000e+00 0.000000000000000000e+00 8.708000436106962117e-02 0.000000000000000000e+00 5.587526966825406838e-02 3.220144168159745635e-02 0.000000000000000000e+00 0.000000000000000000e+00 0.000000000000000000e+00 0.000000000000000000e+00 0.000000000000000000e+00 4.612639264523382132e-01 0.000000000000000000e+00 3.361964718640627625e-01
0.000000000000000000e+00 0.000000000000000000e+00 0.000000000000000000e+00 0.000000000000000000e+00 0.000000000000000000e+00 2.646270549491339802e-02 0.000000000000000000e+00 0.000000000000000000e+00 0.000000000000000000e+00 8.705823293104471283e-02 0.000000000000000000e+00 5.786347032325446504e-02 3.205344345578762383e-02 0.000000000000000000e+00 0.000000000000000000e+00 0.000000000000000000e+00 0.000000000000000000e+00 0.000000000000000000e+00 4.588010043265454696e-01 0.000000000000000000e+00 3.377611434684543723e-01
0.000000000000000000e+00 0.000000000000000000e+00 0.000000000000000000e+00 0.000000000000000000e+00 0.000000000000000000e+00 2.579648505570564590e-02 0.000000000000000000e+00 0.000000000000000000e+00 0.000000000000000000e+00 8.815503875044219950e-02 0.000000000000000000e+00 5.769597733700615461e-02 3.230790700762976864e-02 0.000000000000000000e+00 0.000000000000000000e+00 0.000000000000000000e+00 0.000000000000000000e+00 0.000000000000000000e+00 4.593657394494228274e-01 0.000000000000000000e+00 3.366788523997933380e-01
0.000000000000000000e+00 0.000000000000000000e+00 0.000000000000000000e+00 0.000000000000000000e+00 0.000000000000000000e+00 2.503702949815230991e-02 0.000000000000000000e+00 0.000000000000000000e+00 0.000000000000000000e+00 8.889587480411342835e-02 0.000000000000000000e+00 5.980204002802882307e-02 3.243341347255729312e-02 0.000000000000000000e+00 0.000000000000000000e+00 0.000000000000000000e+00 0.000000000000000000e+00 0.000000000000000000e+00 4.586089050684569735e-01 0.000000000000000000e+00 3.352227371286911062e-01
0.000000000000000000e+00 0.000000000000000000e+00 0.000000000000000000e+00 0.000000000000000000e+00 0.000000000000000000e+00 2.421335725098824193e-02 0.000000000000000000e+00 0.000000000000000000e+00 0.000000000000000000e+00 8.938216355845643446e-02 0.000000000000000000e+00 6.276795117795434809e-02 3.246619432689343970e-02 0.000000000000000000e+00 0.000000000000000000e+00 0.000000000000000000e+00 0.000000000000000000e+00 0.000000000000000000e+00 4.573117103265503247e-01 0.000000000000000000e+00 3.338586233591572250e-01
0.000000000000000000e+00 0.000000000000000000e+00 0.000000000000000000e+00 0.000000000000000000e+00 0.000000000000000000e+00 2.335462129427281694e-02 0.000000000000000000e+00 0.000000000000000000e+00 0.000000000000000000e+00 8.971279942635837501e-02 0.000000000000000000e+00 6.612429577783150714e-02 3.244234887547772783e-02 0.000000000000000000e+00 0.000000000000000000e+00 0.000000000000000000e+00 0.000000000000000000e+00 0.000000000000000000e+00 4.557264841898432950e-01 0.000000000000000000e+00 3.326394504362162330e-01
0.000000000000000000e+00 0.000000000000000000e+00 0.000000000000000000e+00 0.000000000000000000e+00 0.000000000000000000e+00 2.248026766427756520e-02 0.000000000000000000e+00 0.000000000000000000e+00 0.000000000000000000e+00 8.995742875350756784e-02 0.000000000000000000e+00 6.956346193156784374e-02 3.238722516050561440e-02 0.000000000000000000e+00 0.000000000000000000e+00 0.000000000000000000e+00 0.000000000000000000e+00 0.000000000000000000e+00 4.540211027961374435e-01 0.000000000000000000e+00 3.315905136940038300e-01
0.000000000000000000e+00 0.000000000000000000e+00 0.000000000000000000e+00 0.000000000000000000e+00 0.000000000000000000e+00 2.160266091205011521e-02 0.000000000000000000e+00 0.000000000000000000e+00 0.000000000000000000e+00 9.016319930063489141e-02 0.000000000000000000e+00 7.289466751769795028e-02 3.231793602148296668e-02 0.000000000000000000e+00 0.000000000000000000e+00 0.000000000000000000e+00 0.000000000000000000e+00 0.000000000000000000e+00 4.523023915303197584e-01 0.000000000000000000e+00 3.307191447178142729e-01
0.000000000000000000e+00 0.000000000000000000e+00 0.000000000000000000e+00 0.000000000000000000e+00 0.000000000000000000e+00 2.072872801877942081e-02 0.000000000000000000e+00 0.000000000000000000e+00 0.000000000000000000e+00 9.035861820469334726e-02 0.000000000000000000e+00 7.602245977089601425e-02 3.224481101317178133e-02 0.000000000000000000e+00 0.000000000000000000e+00 0.000000000000000000e+00 0.000000000000000000e+00 0.000000000000000000e+00 4.506277712165869254e-01 0.000000000000000000e+00 3.300176117758723549e-01
0.000000000000000000e+00 0.000000000000000000e+00 0.000000000000000000e+00 0.000000000000000000e+00 0.000000000000000000e+00 1.986212146555300928e-02 0.000000000000000000e+00 0.000000000000000000e+00 0.000000000000000000e+00 9.056042592006705028e-02 0.000000000000000000e+00 7.890724489279239695e-02 3.217391329993077309e-02 0.000000000000000000e+00 0.000000000000000000e+00 0.000000000000000000e+00 0.000000000000000000e+00 0.000000000000000000e+00 4.490252925902929459e-01 0.000000000000000000e+00 3.294710018313639077e-01
0.000000000000000000e+00 0.000000000000000000e+00 0.000000000000000000e+00 0.000000000000000000e+00 0.000000000000000000e+00 1.900465875644164263e-02 0.000000000000000000e+00 0.000000000000000000e+00 0.000000000000000000e+00 9.077849511877930655e-02 0.000000000000000000e+00 8.153819788844110517e-02 3.210882203656521827e-02 0.000000000000000000e+00 0.000000000000000000e+00 0.000000000000000000e+00 0.000000000000000000e+00 0.000000000000000000e+00 4.475073730878093570e-01 0.000000000000000000e+00 3.290624531119633600e-01
0.000000000000000000e+00 0.000000000000000000e+00 0.000000000000000000e+00 0.000000000000000000e+00 0.000000000000000000e+00 1.815710146965309260e-02 0.000000000000000000e+00 0.000000000000000000e+00 0.000000000000000000e+00 9.101854500861895902e-02 0.000000000000000000e+00 8.391920077306813663e-02 3.205161737099221364e-02 0.000000000000000000e+00 0.000000000000000000e+00 0.000000000000000000e+00 0.000000000000000000e+00 0.000000000000000000e+00 4.460780243905205777e-01 0.000000000000000000e+00 3.287755109871471348e-01
0.000000000000000000e+00 0.000000000000000000e+00 0.000000000000000000e+00 0.000000000000000000e+00 0.000000000000000000e+00 1.731958174010261517e-02 0.000000000000000000e+00 0.000000000000000000e+00 0.000000000000000000e+00 9.128364574947965548e-02 0.000000000000000000e+00 8.606175083320269370e-02 3.200342572831857413e-02 0.000000000000000000e+00 0.000000000000000000e+00 0.000000000000000000e+00 0.000000000000000000e+00 0.000000000000000000e+00 4.447365807208596422e-01 0.000000000000000000e+00 3.285950152280366354e-01
0.000000000000000000e+00 0.000000000000000000e+00 0.000000000000000000e+00 0.000000000000000000e+00 0.000000000000000000e+00 1.649185328122651159e-02 0.000000000000000000e+00 0.000000000000000000e+00 0.000000000000000000e+00 9.157512041637780320e-02 0.000000000000000000e+00 8.798117975636030041e-02 3.196474635948548526e-02 0.000000000000000000e+00 0.000000000000000000e+00 0.000000000000000000e+00 0.000000000000000000e+00 0.000000000000000000e+00 4.434797434933483440e-01 0.000000000000000000e+00 3.285073566932016353e-01
0.000000000000000000e+00 0.000000000000000000e+00 0.000000000000000000e+00 0.000000000000000000e+00 0.000000000000000000e+00 1.567344842441956501e-02 0.000000000000000000e+00 0.000000000000000000e+00 0.000000000000000000e+00 9.189312771282294456e-02 0.000000000000000000e+00 8.969450971582597354e-02 3.193566192067893300e-02 0.000000000000000000e+00 0.000000000000000000e+00 0.000000000000000000e+00 0.000000000000000000e+00 0.000000000000000000e+00 4.423027783589797979e-01 0.000000000000000000e+00 3.285004738672726021e-01
0.000000000000000000e+00 0.000000000000000000e+00 0.000000000000000000e+00 0.000000000000000000e+00 0.000000000000000000e+00 1.486377970041003610e-02 0.000000000000000000e+00 0.000000000000000000e+00 0.000000000000000000e+00 9.223705722156314013e-02 0.000000000000000000e+00 9.121918844845761098e-02 3.191598091940353599e-02 0.000000000000000000e+00 0.000000000000000000e+00 0.000000000000000000e+00 0.000000000000000000e+00 0.000000000000000000e+00 4.412002476629294789e-01 0.000000000000000000e+00 3.285637460472363158e-01
0.000000000000000000e+00 0.000000000000000000e+00 0.000000000000000000e+00 0.000000000000000000e+00 0.000000000000000000e+00 1.406220621361310708e-02 0.000000000000000000e+00 0.000000000000000000e+00 0.000000000000000000e+00 9.260580457038217195e-02 0.000000000000000000e+00 9.257233360232852704e-02 3.190533653145799509e-02 0.000000000000000000e+00 0.000000000000000000e+00 0.000000000000000000e+00 0.000000000000000000e+00 0.000000000000000000e+00 4.401664680210332081e-01 0.000000000000000000e+00 3.286878510611850879e-01
0.000000000000000000e+00 0.000000000000000000e+00 0.000000000000000000e+00 0.000000000000000000e+00 0.000000000000000000e+00 1.326807667224234703e-02 0.000000000000000000e+00 0.000000000000000000e+00 0.000000000000000000e+00 9.299796507454466399e-02 0.000000000000000000e+00 9.377028866648781658e-02 3.190325584378918278e-02 0.000000000000000000e+00 0.000000000000000000e+00 0.000000000000000000e+00 0.000000000000000000e+00 0.000000000000000000e+00 4.391957961647916520e-01 0.000000000000000000e+00 3.288646175781443914e-01
0.000000000000000000e+00 0.000000000000000000e+00 0.000000000000000000e+00 0.000000000000000000e+00 0.000000000000000000e+00 1.248075660293558251e-02 0.000000000000000000e+00 0.000000000000000000e+00 0.000000000000000000e+00 9.341197009849168398e-02 0.000000000000000000e+00 9.482837598491074271e-02 3.190920837092626333e-02 0.000000000000000000e+00 0.000000000000000000e+00 0.000000000000000000e+00 0.000000000000000000e+00 0.000000000000000000e+00 4.382828037991264303e-01 0.000000000000000000e+00 3.290868851436093423e-01
0.000000000000000000e+00 0.000000000000000000e+00 0.000000000000000000e+00 0.000000000000000000e+00 0.000000000000000000e+00 1.169964477356263965e-02 0.000000000000000000e+00 0.000000000000000000e+00 0.000000000000000000e+00 9.384618240570398451e-02 0.000000000000000000e+00 9.576077646616799888e-02 3.192263978281578707e-02 0.000000000000000000e+00 0.000000000000000000e+00 0.000000000000000000e+00 0.000000000000000000e+00 0.000000000000000000e+00 4.374223794088737960e-01 0.000000000000000000e+00 3.293483771628758494e-01
0.000000000000000000e+00 0.000000000000000000e+00 0.000000000000000000e+00 0.000000000000000000e+00 0.000000000000000000e+00 1.092418227219058534e-02 0.000000000000000000e+00 0.000000000000000000e+00 0.000000000000000000e+00 9.429896187433328691e-02 0.000000000000000000e+00 9.658049091724696389e-02 3.194299499163990447e-02 0.000000000000000000e+00 0.000000000000000000e+00 0.000000000000000000e+00 0.000000000000000000e+00 0.000000000000000000e+00 4.366097816713664370e-01 0.000000000000000000e+00 3.296435882732228762e-01
0.000000000000000000e+00 0.000000000000000000e+00 0.000000000000000000e+00 0.000000000000000000e+00 0.000000000000000000e+00 1.015385664244229658e-02 0.000000000000000000e+00 0.000000000000000000e+00 0.000000000000000000e+00 9.476870973533689513e-02 0.000000000000000000e+00 9.729935337754913593e-02 3.196973356435527797e-02 0.000000000000000000e+00 0.000000000000000000e+00 0.000000000000000000e+00 0.000000000000000000e+00 0.000000000000000000e+00 4.358406609204475424e-01 0.000000000000000000e+00 3.299676857598688451e-01
0.000000000000000000e+00 0.000000000000000000e+00 0.000000000000000000e+00 0.000000000000000000e+00 0.000000000000000000e+00 9.388202754952584828e-03 0.000000000000000000e+00 0.000000000000000000e+00 0.000000000000000000e+00 9.525389726573643689e-02 0.000000000000000000e+00 9.792807668294858936e-02 3.200233961200022598e-02 0.000000000000000000e+00 0.000000000000000000e+00 0.000000000000000000e+00 0.000000000000000000e+00 0.000000000000000000e+00 4.351110598030020205e-01 0.000000000000000000e+00 3.303164238813602882e-01
0.000000000000000000e+00 0.000000000000000000e+00 0.000000000000000000e+00 0.000000000000000000e+00 0.000000000000000000e+00 8.626801589513408489e-03 0.000000000000000000e+00 0.000000000000000000e+00 0.000000000000000000e+00 9.575308328636168709e-02 0.000000000000000000e+00 9.847631697424003017e-02 3.204032772666742801e-02 0.000000000000000000e+00 0.000000000000000000e+00 0.000000000000000000e+00 0.000000000000000000e+00 0.000000000000000000e+00 4.344174007375465885e-01 0.000000000000000000e+00 3.306860696856708803e-01
0.000000000000000000e+00 0.000000000000000000e+00 0.000000000000000000e+00 0.000000000000000000e+00 0.000000000000000000e+00 7.869277744820216830e-03 0.000000000000000000e+00 0.000000000000000000e+00 0.000000000000000000e+00 9.626492366470086604e-02 0.000000000000000000e+00 9.895274822300281770e-02 3.208324611690523825e-02 0.000000000000000000e+00 0.000000000000000000e+00 0.000000000000000000e+00 0.000000000000000000e+00 0.000000000000000000e+00 4.337564653839711681e-01 0.000000000000000000e+00 3.310733388665996757e-01
0.000000000000000000e+00 0.000000000000000000e+00 0.000000000000000000e+00 0.000000000000000000e+00 0.000000000000000000e+00 7.115296238385105179e-03 0.000000000000000000e+00 0.000000000000000000e+00 0.000000000000000000e+00 9.678817518014275201e-02 0.000000000000000000e+00 9.936514081876647586e-02 3.213067778471592750e-02 0.000000000000000000e+00 0.000000000000000000e+00 0.000000000000000000e+00 0.000000000000000000e+00 0.000000000000000000e+00 4.331253696793335162e-01 0.000000000000000000e+00 3.314753402986562181e-01
0.000000000000000000e+00 0.000000000000000000e+00 0.000000000000000000e+00 0.000000000000000000e+00 0.000000000000000000e+00 6.364558978279402993e-03 0.000000000000000000e+00 0.000000000000000000e+00 0.000000000000000000e+00 9.732169548536188930e-02 0.000000000000000000e+00 9.972044030324636599e-02 3.218224036067711402e-02 0.000000000000000000e+00 0.000000000000000000e+00 0.000000000000000000e+00 0.000000000000000000e+00 0.000000000000000000e+00 4.325215368448678266e-01 0.000000000000000000e+00 3.318895280275673265e-01
0.000000000000000000e+00 0.000000000000000000e+00 0.000000000000000000e+00 0.000000000000000000e+00 0.000000000000000000e+00 5.616801160068702475e-03 0.000000000000000000e+00 0.000000000000000000e+00 0.000000000000000000e+00 9.786444043472043719e-02 0.000000000000000000e+00 1.000248437462145507e-01 3.223758504615552994e-02 0.000000000000000000e+00 0.000000000000000000e+00 0.000000000000000000e+00 0.000000000000000000e+00 0.000000000000000000e+00 4.319426699665970815e-01 0.000000000000000000e+00 3.323136596462435977e-01
0.000000000000000000e+00 0.000000000000000000e+00 0.000000000000000000e+00 0.000000000000000000e+00 0.000000000000000000e+00 4.871787751815692853e-03 0.000000000000000000e+00 0.000000000000000000e+00 0.000000000000000000e+00 9.841545970630774520e-02 0.000000000000000000e+00 1.002838722293749318e-01 3.229639498754681426e-02 0.000000000000000000e+00 0.000000000000000000e+00 0.000000000000000000e+00 0.000000000000000000e+00 0.000000000000000000e+00 4.313867251908067302e-01 0.000000000000000000e+00 3.327457601341480831e-01
0.000000000000000000e+00 0.000000000000000000e+00 0.000000000000000000e+00 0.000000000000000000e+00 0.000000000000000000e+00 4.129310166737141206e-03 0.000000000000000000e+00 0.000000000000000000e+00 0.000000000000000000e+00 9.897389138813614262e-02 0.000000000000000000e+00 1.005024385721522556e-01 3.235838331568724469e-02 0.000000000000000000e+00 0.000000000000000000e+00 0.000000000000000000e+00 0.000000000000000000e+00 0.000000000000000000e+00 4.308518861842314251e-01 0.000000000000000000e+00 3.331840903730559078e-01
0.000000000000000000e+00 0.000000000000000000e+00 0.000000000000000000e+00 0.000000000000000000e+00 0.000000000000000000e+00 3.389183179348898185e-03 0.000000000000000000e+00 0.000000000000000000e+00 0.000000000000000000e+00 9.953895600869573645e-02 0.000000000000000000e+00 1.006849098878077609e-01 3.242329101577113432e-02 0.000000000000000000e+00 0.000000000000000000e+00 0.000000000000000000e+00 0.000000000000000000e+00 0.000000000000000000e+00 4.303365402372934523e-01 0.000000000000000000e+00 3.336271196710829945e-01
0.000000000000000000e+00 0.000000000000000000e+00 0.000000000000000000e+00 0.000000000000000000e+00 0.000000000000000000e+00 2.651242111166826881e-03 0.000000000000000000e+00 0.000000000000000000e+00 0.000000000000000000e+00 1.001099503509581129e-01 0.000000000000000000e+00 1.008351648632473951e-01 3.249088474315438985e-02 0.000000000000000000e+00 0.000000000000000000e+00 0.000000000000000000e+00 0.000000000000000000e+00 0.000000000000000000e+00 4.298392562021485785e-01 0.000000000000000000e+00 3.340735017293246512e-01
0.000000000000000000e+00 0.000000000000000000e+00 0.000000000000000000e+00 0.000000000000000000e+00 0.000000000000000000e+00 1.915340292228577459e-03 0.000000000000000000e+00 0.000000000000000000e+00 0.000000000000000000e+00 1.006862412846580845e-01 0.000000000000000000e+00 1.009566458558089769e-01 3.256095466378222669e-02 0.000000000000000000e+00 0.000000000000000000e+00 0.000000000000000000e+00 0.000000000000000000e+00 0.000000000000000000e+00 4.293587643309598190e-01 0.000000000000000000e+00 3.345220535725623723e-01
0.000000000000000000e+00 0.000000000000000000e+00 0.000000000000000000e+00 0.000000000000000000e+00 0.000000000000000000e+00 1.181346791945524785e-03 0.000000000000000000e+00 0.000000000000000000e+00 0.000000000000000000e+00 1.012672597750233217e-01 0.000000000000000000e+00 1.010524060266628915e-01 3.263331237125450396e-02 0.000000000000000000e+00 0.000000000000000000e+00 0.000000000000000000e+00 0.000000000000000000e+00 0.000000000000000000e+00 4.288939379961507758e-01 0.000000000000000000e+00 3.349717370389630466e-01
0.000000000000000000e+00 0.000000000000000000e+00 0.000000000000000000e+00 0.000000000000000000e+00 0.000000000000000000e+00 4.491444049775485201e-04 0.000000000000000000e+00 0.000000000000000000e+00 0.000000000000000000e+00 1.018524951701212933e-01 0.000000000000000000e+00 1.011251518055347048e-01 3.270778891319774118e-02 0.000000000000000000e+00 0.000000000000000000e+00 0.000000000000000000e+00 0.000000000000000000e+00 0.000000000000000000e+00 4.284437772208367634e-01 0.000000000000000000e+00 3.354216424853319611e-01
0.000000000000000000e+00 0.000000000000000000e+00 0.000000000000000000e+00 0.000000000000000000e+00 0.000000000000000000e+00 0.000000000000000000e+00 0.000000000000000000e+00 0.000000000000000000e+00 0.000000000000000000e+00 1.024052967709326717e-01 0.000000000000000000e+00 1.011627457160508975e-01 3.277262802253343155e-02 0.000000000000000000e+00 0.000000000000000000e+00 0.000000000000000000e+00 0.000000000000000000e+00 0.000000000000000000e+00 4.278816199273359211e-01 0.000000000000000000e+00 3.357777095631471753e-01
0.000000000000000000e+00 0.000000000000000000e+00 0.000000000000000000e+00 0.000000000000000000e+00 0.000000000000000000e+00 0.000000000000000000e+00 0.000000000000000000e+00 0.000000000000000000e+00 0.000000000000000000e+00 1.028204715612174441e-01 0.000000000000000000e+00 1.013097955875744416e-01 3.279400497680008686e-02 0.000000000000000000e+00 0.000000000000000000e+00 0.000000000000000000e+00 0.000000000000000000e+00 0.000000000000000000e+00 4.270762975348844082e-01 0.000000000000000000e+00 3.359994303395235637e-01
0.000000000000000000e+00 0.000000000000000000e+00 0.000000000000000000e+00 0.000000000000000000e+00 0.000000000000000000e+00 0.000000000000000000e+00 0.000000000000000000e+00 0.000000000000000000e+00 0.000000000000000000e+00 1.031391463497966232e-01 0.000000000000000000e+00 1.016073937521659309e-01 3.278508306595447758e-02 0.000000000000000000e+00 0.000000000000000000e+00 0.000000000000000000e+00 0.000000000000000000e+00 0.000000000000000000e+00 4.262259337194652109e-01 0.000000000000000000e+00 3.362424431126177504e-01
0.000000000000000000e+00 0.000000000000000000e+00 0.000000000000000000e+00 0.000000000000000000e+00 0.000000000000000000e+00 0.000000000000000000e+00 0.000000000000000000e+00 0.000000000000000000e+00 0.000000000000000000e+00 1.033830442287692192e-01 0.000000000000000000e+00 1.020048366298269699e-01 3.275283199273493207e-02 0.000000000000000000e+00 0.000000000000000000e+00 0.000000000000000000e+00 0.000000000000000000e+00 0.000000000000000000e+00 4.253531057493690204e-01 0.000000000000000000e+00 3.365061813992997197e-01
0.000000000000000000e+00 0.000000000000000000e+00 0.000000000000000000e+00 0.000000000000000000e+00 0.000000000000000000e+00 0.000000000000000000e+00 0.000000000000000000e+00 0.000000000000000000e+00 0.000000000000000000e+00 1.035695295666504839e-01 0.000000000000000000e+00 1.024634230288101050e-01 3.270280972231603966e-02 0.000000000000000000e+00 0.000000000000000000e+00 0.000000000000000000e+00 0.000000000000000000e+00 0.000000000000000000e+00 4.244747185574498372e-01 0.000000000000000000e+00 3.367895191247735065e-01
0.000000000000000000e+00 0.000000000000000000e+00 0.000000000000000000e+00 0.000000000000000000e+00 0.000000000000000000e+00 0.000000000000000000e+00 0.000000000000000000e+00 0.000000000000000000e+00 0.000000000000000000e+00 1.037124131062441140e-01 0.000000000000000000e+00 1.029539538453880659e-01 3.263942727766507013e-02 0.000000000000000000e+00 0.000000000000000000e+00 0.000000000000000000e+00 0.000000000000000000e+00 0.000000000000000000e+00 4.236032329358875304e-01 0.000000000000000000e+00 3.370909728348152057e-01
0.000000000000000000e+00 0.000000000000000000e+00 0.000000000000000000e+00 0.000000000000000000e+00 0.000000000000000000e+00 0.000000000000000000e+00 0.000000000000000000e+00 0.000000000000000000e+00 0.000000000000000000e+00 1.038226226179895378e-01 0.000000000000000000e+00 1.034547058899201455e-01 3.256616822492203189e-02 0.000000000000000000e+00 0.000000000000000000e+00 0.000000000000000000e+00 0.000000000000000000e+00 0.000000000000000000e+00 4.227476513956828219e-01 0.000000000000000000e+00 3.374088518714854490e-01
