5.486052227009381721e-02 4.691013475110032693e-02 4.501965343049030982e-02 4.656257954936942473e-02 5.045071833064819489e-02 3.845673354053367327e-02 4.720669292454676702e-02 5.097757705815739171e-02 5.366663094325625077e-02 4.737964363773275456e-02 4.746829648725049006e-02 4.656904603397789971e-02 5.132761736377627892e-02 4.926453425775197820e-02 4.378267439804062883e-02 4.376035541221161979e-02 4.478978766738947459e-02 4.551024903505238722e-02 4.788267016245204705e-02 5.138756982978538723e-02 4.676631291638295301e-02
4.853032612861031547e-02 4.857172850726884650e-02 4.745616679111248210e-02 4.713662296710914579e-02 4.746496306728234527e-02 4.475230156833361755e-02 4.724034994395194531e-02 4.780928422925750931e-02 4.948215562588020866e-02 4.597492078097167867e-02 4.743029120320442493e-02 4.755273324387769562e-02 4.661687820901019852e-02 4.663814091874904366e-02 4.996301296691487565e-02 4.667804720856543604e-02 4.607255473669964740e-02 4.705694584831937588e-02 5.138500833551911534e-02 4.685958225013162753e-02 4.932798546923022193e-02
4.732152724776171604e-02 4.939116973195251115e-02 4.795092256485191523e-02 4.702681468410660481e-02 4.662120220654764058e-02 4.504293859691800572e-02 4.704220038543988763e-02 4.706792561802945057e-02 4.924414591143892739e-02 4.490659432917921273e-02 4.729722219154629953e-02 4.772782389255955660e-02 4.501128309309782027e-02 4.554025678460625615e-02 5.268695462680280522e-02 4.694759867985687923e-02 4.568833451084368391e-02 4.715270495260402012e-02 5.418419908985729061e-02 4.539347898180427776e-02 5.075470192019521792e-02
4.690586810888184438e-02 5.008013558707864743e-02 4.810213883562268478e-02 4.676670932485505611e-02 4.608429637218947744e-02 4.432361021733878526e-02 4.676716839097241202e-02 4.668110393939492453e-02 4.964332377405503149e-02 4.386309576564376839e-02 4.711135591780118287e-02 4.773937393020951520e-02 4.388023969912596689e-02 4.465391500165905025e-02 5.504286252614551400e-02 4.674776585052729111e-02 4.499450529797312942e-02 4.697466104580482610e-02 5.718737679530121881e-02 4.439003545480850466e-02 5.206045816461088438e-02
4.657334007634691964e-02 5.074907760452068012e-02 4.816166617018263069e-02 4.643569280076182554e-02 4.554963656577364073e-02 4.340024265449448498e-02 4.643316993267244258e-02 4.630519660319715874e-02 5.013628242265687901e-02 4.278922107253272517e-02 4.687211157920000842e-02 4.768446629816276011e-02 4.279204506744467562e-02 4.376002697071611214e-02 5.756708788863400261e-02 4.642504157130353942e-02 4.420581608222473591e-02 4.670655227356839551e-02 6.061761715966976910e-02 4.342223435089323513e-02 5.341347485504310821e-02
4.619908251937650256e-02 5.140836129877777300e-02 4.816048425812104183e-02 4.603744645639336330e-02 4.495919092130583328e-02 4.239754237482767918e-02 4.603388676777990518e-02 4.587516106184701126e-02 5.062589581321597781e-02 4.167004281671542881e-02 4.656985384066567035e-02 4.756897502481732820e-02 4.167051098786298674e-02 4.281620618893035995e-02 6.039055894780025885e-02 4.602657523265699796e-02 4.335004803415356406e-02 4.636884230214729369e-02 6.461353066237601750e-02 4.241415696668790480e-02 5.484364752354117800e-02
4.575055023112365588e-02 5.204827282083941686e-02 4.809028615650927374e-02 4.556054821767790974e-02 4.429251686610154864e-02 4.132748595395339952e-02 4.555626795899382631e-02 4.536850693332441370e-02 5.108380769672436761e-02 4.049534970684758733e-02 4.619053507810130799e-02 4.738072721687140720e-02 4.049542710403317147e-02 4.180676894993946846e-02 6.358956567500723134e-02 4.554804917855263119e-02 4.242244239704198033e-02 4.595256005237032676e-02 6.933918757736465266e-02 4.134502006627956139e-02 5.635612416234321576e-02
4.520616794308738445e-02 5.264997213943301002e-02 4.793145578136414481e-02 4.498709407229135177e-02 4.353169654777339082e-02 4.018085208681734105e-02 4.498214710066199967e-02 4.476572880807997562e-02 5.148714181127757999e-02 3.925306012039358333e-02 4.571515178027360515e-02 4.709995134163785097e-02 3.925307196669099163e-02 4.071746140267155228e-02 6.724609004825546354e-02 4.497273823439651430e-02 4.140985879339506570e-02 4.543978086070191852e-02 7.502271560318397869e-02 4.020021247302960760e-02 5.794765108458366232e-02
4.454006978214450352e-02 5.318387857267460606e-02 4.765515508931289501e-02 4.429212928625504003e-02 4.265385466272877957e-02 3.894074320481666351e-02 4.428653305302460846e-02 4.404191884265737378e-02 5.180501621510525539e-02 3.792684274866463257e-02 4.511756975104479900e-02 4.669865986188728030e-02 3.792684345755181763e-02 3.952989699482964414e-02 7.146160268157043804e-02 4.427590243081389043e-02 4.029319461959370713e-02 4.480492073660467811e-02 8.199799890976047778e-02 3.896192351404143689e-02 5.960534558491760448e-02
4.371622976498871355e-02 5.360351833043465464e-02 4.721949860349020783e-02 4.344023794120985965e-02 4.162696093936246733e-02 3.758245694937206033e-02 4.343401418088248256e-02 4.316213281317458211e-02 5.199089572364348766e-02 3.649353153172713721e-02 4.436066066330536517e-02 4.613664293115423559e-02 3.649353034899639747e-02 3.821821752290312235e-02 7.636303913177903968e-02 4.342219170614932539e-02 3.904523057828351157e-02 4.401151375757027251e-02 9.077514237482740833e-02 3.760526678113330218e-02 6.129908742561229057e-02
4.268151617505605566e-02 5.383377365995832553e-02 4.656151125250362899e-02 4.237910185689559156e-02 4.040387258743625976e-02 3.606932699276484133e-02 4.237228901883151322e-02 4.207484665993278111e-02 5.197150221277011678e-02 3.491881981971946269e-02 4.338944600519224065e-02 4.535387267571423103e-02 3.491881835418620544e-02 3.674424725420536580e-02 8.210360907062252966e-02 4.235934541274928578e-02 3.762576372268831848e-02 4.300559292811026446e-02 1.021736979059160028e-01 3.609349879099421621e-02 6.296554764375256186e-02
4.135326015178145825e-02 5.374809574293079595e-02 4.558174713926817917e-02 4.102734438672105133e-02 3.891143023366012282e-02 3.434427148036684613e-02 4.102000964599868821e-02 4.069997263484548267e-02 5.162606304174049976e-02 3.314927530594107691e-02 4.211821930210591508e-02 4.425612206526224890e-02 3.314927385222062733e-02 3.504862514216623703e-02 8.884562253867650528e-02 4.100607182503698822e-02 3.597232421255087270e-02 4.170310399713235416e-02 1.175950854532940848e-01 3.436945357597497724e-02 6.447462827232516847e-02
3.959435683531440514e-02 5.312115626386522405e-02 4.411309430466080206e-02 3.925007599102234290e-02 3.702864501809378928e-02 3.231284112091573762e-02 3.924233605850489109e-02 3.890482725256463881e-02 5.074366661326006056e-02 3.109647617785880197e-02 4.040461189537360859e-02 4.268588970000503080e-02 3.109647480153923324e-02 3.303316023427035897e-02 9.667456464129021987e-02 3.922762546053303739e-02 3.398161130273539415e-02 3.996454577521429269e-02 1.396312638445574295e-01 3.233854976895265271e-02 6.555422693946785784e-02
3.715968823821806655e-02 5.152235369007777954e-02 4.185279642742718853e-02 3.680629936350401227e-02 3.454006780118982350e-02 2.980741322639754443e-02 3.679836297295231012e-02 3.645250306449658584e-02 4.892831285018456322e-02 2.860363912583881868e-02 3.799364906009466969e-02 4.035929562789618980e-02 2.860363785667623809e-02 3.052351658242894589e-02 1.052442450326288720e-01 3.678327620587103219e-02 3.147011907755424553e-02 3.754032349069476998e-02 1.735702269391501129e-01 2.983292880201984798e-02 6.560734456469832776e-02
3.357945619150518729e-02 4.806438424184246438e-02 3.821046632938842474e-02 3.323461099219977843e-02 3.103579625436193173e-02 2.651264323125224892e-02 3.322687401543857055e-02 3.288990296200613311e-02 4.537810947498199104e-02 2.537668892636071177e-02 3.439534296443738648e-02 3.672615781411198155e-02 2.537668779871556091e-02 2.719116715883214408e-02 1.122899986929746102e-01 3.321216389216961884e-02 2.809128313762451062e-02 3.395148803681687089e-02 2.314837504648431799e-01 2.653678337962115871e-02 6.323624404051562953e-02
2.800671991389863322e-02 4.094858005542311580e-02 3.208296586947721740e-02 2.770539632074213790e-02 2.579113506244345988e-02 2.189063187886861397e-02 2.769864002086467117e-02 2.740449380064911497e-02 3.850472416314345420e-02 2.091876311827242305e-02 2.872082206748354655e-02 3.077032231695013206e-02 2.091876218623349090e-02 2.247260404442667781e-02 1.073563480025040290e-01 2.768579311356150416e-02 2.324633413820135705e-02 2.833213823383739713e-02 3.424688107233798684e-01 2.191131771721629290e-02 5.516469725242289374e-02
2.567703233439105892e-02 3.758699744186501379e-02 2.942824051114951642e-02 2.539973674486062372e-02 2.363812309384217755e-02 2.004867144927958283e-02 2.539351918799899466e-02 2.512282875408649099e-02 3.533798071124733681e-02 1.915430855409168409e-02 2.633419087556324381e-02 2.822026541279026510e-02 1.915430769639235239e-02 2.058423234178405337e-02 9.870572676724662098e-02 2.538169667862457540e-02 2.129625935642123769e-02 2.597650141984296848e-02 3.968217532361049682e-01 2.006770767065556987e-02 5.066991976176178636e-02
2.443739824166460406e-02 3.581803021060415287e-02 2.802185443614999341e-02 2.417242991842364144e-02 2.248913095568537066e-02 1.905927083173732800e-02 2.416648874760296550e-02 2.390783207702475502e-02 3.366894886637894491e-02 1.820467529289276909e-02 2.506534253359711875e-02 2.686757615233745580e-02 1.820467447334033970e-02 1.957101894465662628e-02 9.423507327656001353e-02 2.415519177124409930e-02 2.025138750168864119e-02 2.472355446423435063e-02 4.255827653750288708e-01 1.907746069093010227e-02 4.831989523821788451e-02
2.371338226331051388e-02 3.480313246368195446e-02 2.720618598830482418e-02 2.345518974478032898e-02 2.181493790065896360e-02 1.847280891581805709e-02 2.344940048218336834e-02 2.319735835493608872e-02 3.270895514190275827e-02 1.764007565236697800e-02 2.432526858326719901e-02 2.608142078553813206e-02 1.764007485378945791e-02 1.897146613501086987e-02 9.248153525260185970e-02 2.343839234698769092e-02 1.963443094179665935e-02 2.399222100395299873e-02 4.414972320346777779e-01 1.849053352162463582e-02 4.698599763280877223e-02
2.556932547647799980e-02 3.757544129645120495e-02 2.935076388106266573e-02 2.528979569697786117e-02 2.351398833488905701e-02 1.989565264558063387e-02 2.528352797417968145e-02 2.501065679980134931e-02 3.530823728289698288e-02 1.899409749198601241e-02 2.623177748374068766e-02 2.813305574764283709e-02 1.899409662740446023e-02 2.043552166448239088e-02 5.978526365300970008e-02 2.527161004927404656e-02 2.115327716102088224e-02 2.587120760367927000e-02 4.376532428515090833e-01 1.991484219724864307e-02 5.076461808068464393e-02
2.640830652761552710e-02 3.885619416743350818e-02 3.032887676975254757e-02 2.611849161648478052e-02 2.427734296945512418e-02 2.052587712632870237e-02 2.611199324716192635e-02 2.582908197283124638e-02 3.650556472556124032e-02 1.959115122853152119e-02 2.709513227774905386e-02 2.906636723647944287e-02 1.959115033214029605e-02 2.108560966449007923e-02 4.455607723384568536e-02 2.609963674305992506e-02 2.182977370891141938e-02 2.672129623772411325e-02 4.363254882663020195e-01 2.054577280324270533e-02 5.253081514489911508e-02
2.676440673628759787e-02 3.942790712375256190e-02 3.075285208809247495e-02 2.646957466955358537e-02 2.459655287768401991e-02 2.078015852495566224e-02 2.646296377317856538e-02 2.617515496163731401e-02 3.703653745432409355e-02 1.982925653231413718e-02 2.746312199355614367e-02 2.946848585217587066e-02 1.982925562041438008e-02 2.134957809084524552e-02 3.763499541032163526e-02 2.645039329021659988e-02 2.210662132916230496e-02 2.708281488859735561e-02 4.361785746800561081e-01 2.080039860534110135e-02 5.334039549753326337e-02
2.691016109861498612e-02 3.969055255532573379e-02 3.093535980186266562e-02 2.661261295223438239e-02 2.472233766599605392e-02 2.087080984597331282e-02 2.660594112299090319e-02 2.631548110089698689e-02 3.727705843793909651e-02 1.991115658069857533e-02 2.761531278015710855e-02 2.963915735160128212e-02 1.991115566041284576e-02 2.144547048716037574e-02 3.433685155939014688e-02 2.659325476525525520e-02 2.220948224073366825e-02 2.723150268709473645e-02 4.365404825453811366e-01 2.089123630003661414e-02 5.373462246024418576e-02
2.696848334113534362e-02 3.982478825618449708e-02 3.101749347098625709e-02 2.666917630865170419e-02 2.476772961805984510e-02 2.089346688479533712e-02 2.666246500729825206e-02 2.637028822890443922e-02 3.739687127749825174e-02 1.992815244304369307e-02 2.767780318581404900e-02 2.971362095849391233e-02 1.992815151733691101e-02 2.147151833632924070e-02 3.253878590148171629e-02 2.664970358079452040e-02 2.224003885341079359e-02 2.729172470220877014e-02 4.371061523252619541e-01 2.091401394692029431e-02 5.396957185539026647e-02
2.924303307358249587e-02 4.323283659778907190e-02 3.364908655588774028e-02 2.891733131364745274e-02 2.684819831766528317e-02 2.263226627758098755e-02 2.891002812404835573e-02 2.859208531994078192e-02 4.059092482630018150e-02 2.158181947579474250e-02 3.001490334699284321e-02 3.223024559185554833e-02 2.158181846844449761e-02 2.326129675872567679e-02 6.633214008143832087e-03 2.889614121752753437e-02 2.409759354281630975e-02 2.959477969278490744e-02 4.468838171814879523e-01 2.265462551560855353e-02 2.995395479337521760e-02
2.984940315121437093e-02 4.417836745191941472e-02 3.436212651105641225e-02 2.951581759914907732e-02 2.739660255297849886e-02 2.307865531134668108e-02 2.950833759172351300e-02 2.918269905703936226e-02 4.147225284069664536e-02 2.200279359064680543e-02 3.063995665688760278e-02 3.290893334805389953e-02 2.200279255893094338e-02 2.372290555505390461e-02 0.000000000000000000e+00 2.949411445297657128e-02 2.457943765956490181e-02 3.020966425125275190e-02 4.499022925474272516e-01 2.310155563607021317e-02 2.289129167601118564e-02
2.998494574919527422e-02 4.442860523853279370e-02 3.453347844676459694e-02 2.964871603049241966e-02 2.751270875074352321e-02 2.316058924990934895e-02 2.964117669209557354e-02 2.931295739257543803e-02 4.170046057550171048e-02 2.207621839301008790e-02 3.078176584619721212e-02 3.306874683742779680e-02 2.207621735314425557e-02 2.380993602672850165e-02 0.000000000000000000e+00 2.962684071905118816e-02 2.467324501157142080e-02 3.034806290601997289e-02 4.504055087858855333e-01 2.318367082449773742e-02 2.002614917065550365e-02
3.004148251920181478e-02 4.456302651545766130e-02 3.461398200005589426e-02 2.970348533612213876e-02 2.755625785474739159e-02 2.318132931353405340e-02 2.969590632301087607e-02 2.936596220325709064e-02 4.181941550461875517e-02 2.209128184455154062e-02 3.084249196915146013e-02 3.314152127582943586e-02 2.209128079925381377e-02 2.383407664677589244e-02 0.000000000000000000e+00 2.968149489011318379e-02 2.470190796258210988e-02 3.040650907705990530e-02 4.510432057305968634e-01 2.320453185496871434e-02 1.842085037911149470e-02
3.006564681503065203e-02 4.465150521687434593e-02 3.465730001618026745e-02 2.972623941773862299e-02 2.757006386285206986e-02 2.317696568834327203e-02 2.971862873823287454e-02 2.938730867301717412e-02 4.189399995601678084e-02 2.208239870289454079e-02 3.086999944090518255e-02 3.317865507812228082e-02 2.208239765327588491e-02 2.383242086058101963e-02 0.000000000000000000e+00 2.970415707141808512e-02 2.470385376497435601e-02 3.043219711940027550e-02 4.517356836573394041e-01 2.320026457556617280e-02 1.733031369123676224e-02
3.007673953759429364e-02 4.472692408366149563e-02 3.468565766134293349e-02 2.973606333367323148e-02 2.757184092742544917e-02 2.316241986488241228e-02 2.972842415609191352e-02 2.939586633756120435e-02 4.195136195426298065e-02 2.206379462885628071e-02 3.088410075543558675e-02 3.320143035828342776e-02 2.206379357536021948e-02 2.382030683069179949e-02 0.000000000000000000e+00 2.971389827794036417e-02 2.469497454255502322e-02 3.044466106041613176e-02 4.524483409842284254e-01 2.318580528794506740e-02 1.644359584179183598e-02
3.033372795412845116e-02 4.720272497291200242e-02 3.499766880931072521e-02 2.998899134624122623e-02 2.779898576419065001e-02 2.333709797257658633e-02 2.998126106602040999e-02 2.964474034730002483e-02 4.235255881031455699e-02 2.222540763452632642e-02 3.115071299887471612e-02 3.349570207370843739e-02 2.222540656851293775e-02 2.400281004658688655e-02 0.000000000000000000e+00 2.996656193238869670e-02 2.488788271986909842e-02 3.070603545832003775e-02 4.517611240594298638e-01 2.336076165347901121e-02 1.057983781130925928e-02
3.196395192942223101e-02 2.780212138093775959e-02 3.689423969332150666e-02 3.159952557293797121e-02 2.928443153102107052e-02 2.456769662254289568e-02 3.159135370116581548e-02 3.123561245218915011e-02 4.466854826123696498e-02 2.339250955301392862e-02 3.282759670946931718e-02 3.530651389827213493e-02 2.339250842611110756e-02 2.527143248496185532e-02 0.000000000000000000e+00 3.157581485601719529e-02 2.620705799137254544e-02 3.235752378684687153e-02 4.554688491024515007e-01 2.459271204670819555e-02 0.000000000000000000e+00
3.250400329849412878e-02 1.915781968172160232e-02 3.753342899096822477e-02 3.213225771557093324e-02 2.977067976090489593e-02 2.495930855429240314e-02 3.212392165360933999e-02 3.176103647705376398e-02 4.553448592084897995e-02 2.376054966737202803e-02 3.338499505077029833e-02 3.591374925045694166e-02 2.376054851787564107e-02 2.567716123513846468e-02 0.000000000000000000e+00 3.210807057195717157e-02 2.663155657265571866e-02 3.290548074965089081e-02 4.553961204314276312e-01 2.498482589923092453e-02 0.000000000000000000e+00
3.488163103543426291e-02 0.000000000000000000e+00 4.029469913463658293e-02 3.448151916040782805e-02 3.193972408477588343e-02 2.676116550941942326e-02 3.447254691507298241e-02 3.408197106753122624e-02 2.198229065820434674e-02 2.547091682486427727e-02 3.582984218160460699e-02 3.855151673231935194e-02 2.547091558763136393e-02 2.753380462591891592e-02 0.000000000000000000e+00 3.445548609758514180e-02 2.856103829183967435e-02 3.531374279789779858e-02 4.631285588059924629e-01 2.678863048886402642e-02 0.000000000000000000e+00
3.554167700981981926e-02 0.000000000000000000e+00 4.107321919791521309e-02 3.513282194446419593e-02 3.253550189533498116e-02 2.724390296195242436e-02 3.512365356477595985e-02 3.472454407418651412e-02 1.236315241920762746e-02 2.592549807225642128e-02 3.651061061459538737e-02 3.929183316918007790e-02 2.592549680803427764e-02 2.803340431142701053e-02 0.000000000000000000e+00 3.510621976236825981e-02 2.908305804929950389e-02 3.598323260889731839e-02 4.631302060698039846e-01 2.727196746648107711e-02 0.000000000000000000e+00
3.582230509868090940e-02 0.000000000000000000e+00 4.141388366478920835e-02 3.540904307463097617e-02 3.278376339384678206e-02 2.743533916153616248e-02 3.539977580381636207e-02 3.499636651453327113e-02 7.941893989565457571e-03 2.610278994654729665e-02 3.680168920836097285e-02 3.961303730861780170e-02 2.610278866877857248e-02 2.823331283442429701e-02 0.000000000000000000e+00 3.538215392097895234e-02 2.929423327885424463e-02 3.626862273905988310e-02 4.635352964455464742e-01 2.746370494743234636e-02 0.000000000000000000e+00
3.594259409401820426e-02 0.000000000000000000e+00 4.156965473923698168e-02 3.552675811230301961e-02 3.288517833273236352e-02 2.750372347975481996e-02 3.551743305735908379e-02 3.511151409429309755e-02 5.718947488949041244e-03 2.616296212453007863e-02 3.692808846617035706e-02 3.975716521745554372e-02 2.616296083890664106e-02 2.830661760315604861e-02 0.000000000000000000e+00 3.549970125524237047e-02 2.937408319157910896e-02 3.639169524609615208e-02 4.641086583726634629e-01 2.753226428555370295e-02 0.000000000000000000e+00
3.599674155713100676e-02 0.000000000000000000e+00 4.164941450231751663e-02 3.557908478301291533e-02 3.292600406643223648e-02 2.752133136146531905e-02 3.556971883515295391e-02 3.516202622632520064e-02 4.402934168433385136e-03 2.617480554756043340e-02 3.698656512456755668e-02 3.982833022110966043e-02 2.617480425643148312e-02 2.832768054607141817e-02 0.000000000000000000e+00 3.555190922813712684e-02 2.939974353750821751e-02 3.644781391920137031e-02 4.647510970228154181e-01 2.754999509632676327e-02 0.000000000000000000e+00
3.602389002417708680e-02 0.000000000000000000e+00 4.169856224025420693e-02 3.560471518891537152e-02 3.294207261602639936e-02 2.751816806900442627e-02 3.559531513877612491e-02 3.518614531690502506e-02 3.456533092887704821e-03 2.616687343094948465e-02 3.701732982114613879e-02 3.986983151490550853e-02 2.616687213527127409e-02 2.832737639974880137e-02 0.000000000000000000e+00 3.557744063445270749e-02 2.940324496145516053e-02 3.647660792075867880e-02 4.654220879439493475e-01 2.754693355041660380e-02 0.000000000000000000e+00
3.604007491400387786e-02 0.000000000000000000e+00 4.173598616001934075e-02 3.561949912625448494e-02 3.294805730512657266e-02 2.750651310390105769e-02 3.561006760310694158e-02 3.519953598417476653e-02 2.659225110165542357e-03 2.615084882295155150e-02 3.703685896959160728e-02 3.989944998365290568e-02 2.615084752310815885e-02 2.831834182302815639e-02 0.000000000000000000e+00 3.559213319561249644e-02 2.939769895109611147e-02 3.649431342239314174e-02 4.661051761561191831e-01 2.753537184569405591e-02 0.000000000000000000e+00
3.605183450063383088e-02 0.000000000000000000e+00 4.177009048665879937e-02 3.562989824464472127e-02 3.294993694053435090e-02 2.749136644495562068e-02 3.562043616152720665e-02 3.520858362253969503e-02 1.920638206058099305e-03 2.613148792478283203e-02 3.705187403645861244e-02 3.992449737487695216e-02 2.613148662092450863e-02 2.830572277580909249e-02 0.000000000000000000e+00 3.560244358087538696e-02 2.938844555714058976e-02 3.650755185992508867e-02 4.667933905113564874e-01 2.752031515029807265e-02 0.000000000000000000e+00
3.606188317493298073e-02 0.000000000000000000e+00 4.180689524684603336e-02 3.563859413111360869e-02 3.295018994624130532e-02 2.747479895938274505e-02 3.562910166851780691e-02 3.521593741430032592e-02 1.201925177957703433e-03 2.611076022168630148e-02 3.706516940993185433e-02 3.994810948213840113e-02 2.611075891386603273e-02 2.829165084255372969e-02 0.000000000000000000e+00 3.561105125097042967e-02 2.937769710578332777e-02 3.651907361607187319e-02 4.674825669479470425e-01 2.750383648975850831e-02 0.000000000000000000e+00
3.607254793548021754e-02 0.000000000000000000e+00 4.188094753583836150e-02 3.564788500520980896e-02 3.295093828678638537e-02 2.745858078338480127e-02 3.563836170243197404e-02 3.522386729712806419e-02 4.549387435355018859e-04 2.609034834240964162e-02 3.707914337808451699e-02 3.997309657625598006e-02 2.609034703059645577e-02 2.827794856552541883e-02 0.000000000000000000e+00 3.562025256407695684e-02 2.936734582756623385e-02 3.653123752462138912e-02 4.681545050378476680e-01 2.748770786322054030e-02 0.000000000000000000e+00
3.785948610528878239e-02 0.000000000000000000e+00 1.889182051486848826e-02 3.741259822619407566e-02 3.457444703411761966e-02 2.879444813299687420e-02 3.740257626357363502e-02 3.696638632861838636e-02 0.000000000000000000e+00 2.735455060163832428e-02 3.891873691234861571e-02 4.196353933371108069e-02 2.735454922110762757e-02 2.965673194534392682e-02 0.000000000000000000e+00 3.738351882583322572e-02 3.080318684571301674e-02 3.834217719862982598e-02 4.674961454982972109e-01 2.882510101171926326e-02 0.000000000000000000e+00
3.863674077775109544e-02 0.000000000000000000e+00 8.491260601298679725e-03 3.817943475733843323e-02 3.527525441308954068e-02 2.936108385963789869e-02 3.816917904766381486e-02 3.772282904377621815e-02 0.000000000000000000e+00 2.788778084621101536e-02 3.972072701593482025e-02 4.283890186877301748e-02 2.788777943366659712e-02 3.024337525492094142e-02 0.000000000000000000e+00 3.814967703753324030e-02 3.141643468582757531e-02 3.913069730976886929e-02 4.674963959125931212e-01 2.939244813421509200e-02 0.000000000000000000e+00
3.896868866680684718e-02 0.000000000000000000e+00 3.746427156391853117e-03 3.850616896696974767e-02 3.556915689987651119e-02 2.958866295359938864e-02 3.849579632709906885e-02 3.804437516317639434e-02 0.000000000000000000e+00 2.809887182219157273e-02 4.006513174281178119e-02 4.322820408653734597e-02 2.809887039386365845e-02 3.048083268865418166e-02 0.000000000000000000e+00 3.847607186268486856e-02 3.166703188400350061e-02 3.946830336410813572e-02 4.678770274981449151e-01 2.962037852308034569e-02 0.000000000000000000e+00
3.911894585662710477e-02 0.000000000000000000e+00 1.244496579289111355e-03 3.865332258118388264e-02 3.569700683611855968e-02 2.967791499637920105e-02 3.864288042223398834e-02 3.818845618436055717e-02 0.000000000000000000e+00 2.817855142763779977e-02 4.022290455969066564e-02 4.355280080064287407e-02 2.817854999016178308e-02 3.057582252679197365e-02 0.000000000000000000e+00 3.862302364349649852e-02 3.176965783937343857e-02 3.962195384129421627e-02 4.683438772535248873e-01 2.970983466119345162e-02 0.000000000000000000e+00
4.120254399041788779e-02 0.000000000000000000e+00 0.000000000000000000e+00 4.071094707603442608e-02 3.758954790004141039e-02 3.123412861451850195e-02 4.069992194581949913e-02 4.022013858172002881e-02 0.000000000000000000e+00 2.965096878607529837e-02 4.236799360418699867e-02 1.942625339658827013e-02 2.965096726825072054e-02 3.218221691549643521e-02 0.000000000000000000e+00 4.067895648921331792e-02 3.344276840944905571e-02 4.173359386037053115e-02 4.679412207655218592e-01 3.126783239629591510e-02 0.000000000000000000e+00
4.209612001949376153e-02 0.000000000000000000e+00 0.000000000000000000e+00 4.159255575459728377e-02 3.839550934066165988e-02 3.188658538247615692e-02 4.158126219498262804e-02 4.108982273411527358e-02 0.000000000000000000e+00 3.026521216054686714e-02 4.329010085132866531e-02 8.573435889930348941e-03 3.026521060610154121e-02 3.285756128467152981e-02 0.000000000000000000e+00 4.155978615476105947e-02 3.414854767094190058e-02 4.264013788472455907e-02 4.678370490996561215e-01 3.192110297101051486e-02 0.000000000000000000e+00
4.207044309155696243e-02 0.000000000000000000e+00 0.000000000000000000e+00 4.156572124473364993e-02 3.836231180815136838e-02 3.184172488542088425e-02 4.155440229833733123e-02 4.106190260719577018e-02 0.000000000000000000e+00 3.021750874415828070e-02 4.326773095109017614e-02 8.488392657269768979e-03 3.021750718702410562e-02 3.281441033036079646e-02 0.000000000000000000e+00 4.153287780938947488e-02 3.410767992841162721e-02 4.261583713034400311e-02 4.684052459679072800e-01 3.187630335864849451e-02 0.000000000000000000e+00
4.206107746447128315e-02 0.000000000000000000e+00 0.000000000000000000e+00 4.155493502410850803e-02 3.834380257716955842e-02 3.180900716297044295e-02 4.154358509973420793e-02 4.104979403367523677e-02 0.000000000000000000e+00 3.018131839760678642e-02 4.326261562402548139e-02 8.406448085176205023e-03 3.018131683718056416e-02 3.278377953576951803e-02 0.000000000000000000e+00 4.152200150820450908e-02 3.407983463559162429e-02 4.260819009310396616e-02 4.687686339828736060e-01 3.184365993833863234e-02 0.000000000000000000e+00
4.206231742611396540e-02 0.000000000000000000e+00 0.000000000000000000e+00 4.155453086439526988e-02 3.833471551065041616e-02 3.178404802246429656e-02 4.154314545350459159e-02 4.104788445773543265e-02 0.000000000000000000e+00 3.015247744414046444e-02 4.326925560199238602e-02 8.326392599720008197e-03 3.015247588003066095e-02 3.276115270431529530e-02 0.000000000000000000e+00 4.152149416283239247e-02 3.406032018369346132e-02 4.261149011450577478e-02 4.689995157498806355e-01 3.181878382402507366e-02 0.000000000000000000e+00
4.207054342028847954e-02 0.000000000000000000e+00 0.000000000000000000e+00 4.156088758790879578e-02 3.833166401883326968e-02 3.176402869524677652e-02 4.154946250116315493e-02 4.105257577944006198e-02 0.000000000000000000e+00 3.012830933178177115e-02 4.328480628531098523e-02 8.247454905327123581e-03 3.012830776373338557e-02 3.274362594079406608e-02 0.000000000000000000e+00 4.152773552322223949e-02 3.404611957455177390e-02 4.262220396729703153e-02 4.691434214848261841e-01 3.179885322027490441e-02 0.000000000000000000e+00
4.208350761128443196e-02 0.000000000000000000e+00 0.000000000000000000e+00 4.157170830252689131e-02 3.833246861244621329e-02 3.174713522576933650e-02 4.156023893967027844e-02 4.106156800137644031e-02 0.000000000000000000e+00 3.010709191393646719e-02 4.330986383712429055e-02 8.169142810414635469e-03 3.010709034178260177e-02 3.272933034090879517e-02 0.000000000000000000e+00 4.153842751422737178e-02 3.403529091178723182e-02 4.263833078591736797e-02 4.692267526331401761e-01 3.178205221768753280e-02 0.000000000000000000e+00
4.210013986800396207e-02 0.000000000000000000e+00 0.000000000000000000e+00 4.158579636093716336e-02 3.833594066329872735e-02 3.173237772024803394e-02 4.157427674292098196e-02 4.107363073108881435e-02 0.000000000000000000e+00 3.008788544557344097e-02 4.336721385947758106e-02 8.091187731773714226e-03 3.008788386919528796e-02 3.271724599314412146e-02 0.000000000000000000e+00 4.155236951804597983e-02 3.402677441244793266e-02 4.265946944938989183e-02 4.692404177792682263e-01 3.176738985518612335e-02 0.000000000000000000e+00
4.418047653718959467e-02 0.000000000000000000e+00 0.000000000000000000e+00 4.363992749408671795e-02 4.022209130166787966e-02 3.327611739932315876e-02 4.362781587428166130e-02 4.310142791437562154e-02 0.000000000000000000e+00 3.154632258275308354e-02 2.135384052751661613e-02 8.408581931383395797e-03 3.154632092459232900e-02 3.431207027250694763e-02 0.000000000000000000e+00 4.360478237116473949e-02 3.568951865498025400e-02 4.476711774550579809e-02 4.674106425697732159e-01 3.331294589889897961e-02 0.000000000000000000e+00
4.516914171213797652e-02 0.000000000000000000e+00 0.000000000000000000e+00 4.461383537834746893e-02 4.111051014361265937e-02 3.399343054650826729e-02 4.460140589174640957e-02 4.406150832723269156e-02 0.000000000000000000e+00 3.222107016783367500e-02 1.082980350426745314e-02 8.514404883355126616e-03 3.222106846888816295e-02 3.505487984588591399e-02 0.000000000000000000e+00 4.457776773667872922e-02 3.646623587635908215e-02 4.578302006254732215e-02 4.667507518035899361e-01 3.403116565100905433e-02 0.000000000000000000e+00
4.816871632012452442e-02 0.000000000000000000e+00 0.000000000000000000e+00 4.757836557422234075e-02 4.383589727948007664e-02 3.622944347977330448e-02 4.756510873311321774e-02 4.698892725481440547e-02 0.000000000000000000e+00 3.433515471384514933e-02 0.000000000000000000e+00 8.997437313985870780e-03 3.433515289799959208e-02 3.736391030940607039e-02 0.000000000000000000e+00 4.753989551652598039e-02 3.887234588521652073e-02 2.276825924853865049e-02 4.691516107243648981e-01 3.626977474858932710e-02 0.000000000000000000e+00
4.936112812158569702e-02 0.000000000000000000e+00 0.000000000000000000e+00 4.874286026532423377e-02 4.489861660540041960e-02 3.708999236114395026e-02 4.872919588878065617e-02 4.813646816605885587e-02 0.000000000000000000e+00 3.514539862756287797e-02 0.000000000000000000e+00 9.135199455194057891e-03 3.514539676351043085e-02 3.825459018350663154e-02 0.000000000000000000e+00 4.870320982881510413e-02 3.980309496446808593e-02 1.199062004432193546e-02 4.677328336934653552e-01 3.713139503086154702e-02 0.000000000000000000e+00
1.951485986329720007e-02 0.000000000000000000e+00 0.000000000000000000e+00 5.262942461358059015e-02 4.847772824100107791e-02 4.002908477946340998e-02 5.261489835114031843e-02 5.197847379501438492e-02 0.000000000000000000e+00 3.792500273214322731e-02 0.000000000000000000e+00 9.781211446860997583e-03 3.792500071517468374e-02 4.128919161083588474e-02 0.000000000000000000e+00 5.258724009734072613e-02 4.296467645518804723e-02 0.000000000000000000e+00 4.722093239928778496e-01 4.007388330608155358e-02 0.000000000000000000e+00
5.975622755765016419e-03 0.000000000000000000e+00 0.000000000000000000e+00 5.409130096643073593e-02 4.980173924787146406e-02 4.110446154460085932e-02 5.407481408907479498e-02 5.340763784140472453e-02 0.000000000000000000e+00 3.893850863796781414e-02 0.000000000000000000e+00 9.967543191316544787e-03 3.893850656170518704e-02 4.240162621013088967e-02 0.000000000000000000e+00 5.404400988672600215e-02 4.412639079891712834e-02 0.000000000000000000e+00 4.719772605128467191e-01 4.115057775524216116e-02 0.000000000000000000e+00
0.000000000000000000e+00 0.000000000000000000e+00 0.000000000000000000e+00 0.000000000000000000e+00 6.547679498411401733e-02 5.402564665569466185e-02 0.000000000000000000e+00 7.018447962928407724e-02 0.000000000000000000e+00 5.117320297593301592e-02 0.000000000000000000e+00 1.301733689642606100e-02 5.117320024141742973e-02 5.573389858190961471e-02 0.000000000000000000e+00 0.000000000000000000e+00 5.800518167370658645e-02 0.000000000000000000e+00 5.271238796319661635e-01 5.408637872954843301e-02 0.000000000000000000e+00
0.000000000000000000e+00 0.000000000000000000e+00 0.000000000000000000e+00 0.000000000000000000e+00 6.817028666392616065e-02 5.623111932467259738e-02 0.000000000000000000e+00 7.304329842262621830e-02 0.000000000000000000e+00 5.325688958892876856e-02 0.000000000000000000e+00 1.347124817769979749e-02 5.325688673760425179e-02 5.801229225463679778e-02 0.000000000000000000e+00 0.000000000000000000e+00 6.038050533863282415e-02 0.000000000000000000e+00 5.078830290564296801e-01 5.629444443484288296e-02 0.000000000000000000e+00
0.000000000000000000e+00 0.000000000000000000e+00 0.000000000000000000e+00 0.000000000000000000e+00 7.809614380619982199e-02 6.440225301293649174e-02 0.000000000000000000e+00 1.061650458263964023e-02 0.000000000000000000e+00 6.099030319520505616e-02 0.000000000000000000e+00 1.534740770694338272e-02 6.099029992410595624e-02 6.644552802080937182e-02 0.000000000000000000e+00 0.000000000000000000e+00 6.916216214764969727e-02 0.000000000000000000e+00 5.094745001840373932e-01 6.447489741947316777e-02 0.000000000000000000e+00
0.000000000000000000e+00 0.000000000000000000e+00 0.000000000000000000e+00 0.000000000000000000e+00 8.153440298170930300e-02 6.722042850966533645e-02 0.000000000000000000e+00 0.000000000000000000e+00 0.000000000000000000e+00 6.365381020225041597e-02 0.000000000000000000e+00 1.594147156844433894e-02 6.365380678283028004e-02 6.935631924572449591e-02 0.000000000000000000e+00 0.000000000000000000e+00 7.219607296029993682e-02 0.000000000000000000e+00 4.991473216004894131e-01 6.729636614858652832e-02 0.000000000000000000e+00
0.000000000000000000e+00 0.000000000000000000e+00 0.000000000000000000e+00 0.000000000000000000e+00 8.326056699671066652e-02 6.862588637794596325e-02 0.000000000000000000e+00 0.000000000000000000e+00 0.000000000000000000e+00 6.497933374618777846e-02 0.000000000000000000e+00 1.619778599682493089e-02 6.497933025012761488e-02 7.080964578995967151e-02 0.000000000000000000e+00 0.000000000000000000e+00 7.371304066597283988e-02 0.000000000000000000e+00 4.887308839403035621e-01 6.870352623596696906e-02 0.000000000000000000e+00
0.000000000000000000e+00 0.000000000000000000e+00 0.000000000000000000e+00 0.000000000000000000e+00 8.442323490076378278e-02 6.956613777963213674e-02 0.000000000000000000e+00 0.000000000000000000e+00 0.000000000000000000e+00 6.586425258397737847e-02 0.000000000000000000e+00 1.634292824938124444e-02 6.586424903488465044e-02 7.178303854950031371e-02 0.000000000000000000e+00 0.000000000000000000e+00 7.473050454077934113e-02 0.000000000000000000e+00 4.817806981899558916e-01 6.964495617112527459e-02 0.000000000000000000e+00
0.000000000000000000e+00 0.000000000000000000e+00 0.000000000000000000e+00 0.000000000000000000e+00 8.520086180817261490e-02 7.018851755078073240e-02 0.000000000000000000e+00 0.000000000000000000e+00 0.000000000000000000e+00 6.644813383974650101e-02 0.000000000000000000e+00 1.641245945734922523e-02 6.644813025377545312e-02 7.242848267255966310e-02 0.000000000000000000e+00 0.000000000000000000e+00 7.540663004079337095e-02 0.000000000000000000e+00 4.771986282323309458e-01 7.026815614449148650e-02 0.000000000000000000e+00
0.000000000000000000e+00 0.000000000000000000e+00 0.000000000000000000e+00 0.000000000000000000e+00 8.572062593660673135e-02 7.059798364612980548e-02 0.000000000000000000e+00 0.000000000000000000e+00 0.000000000000000000e+00 6.683039115228091298e-02 0.000000000000000000e+00 1.643155732248451767e-02 6.683038754026576767e-02 7.285425531103627284e-02 0.000000000000000000e+00 0.000000000000000000e+00 7.585410549284912762e-02 0.000000000000000000e+00 4.742024914634527244e-01 7.067820213489421632e-02 0.000000000000000000e+00
0.000000000000000000e+00 0.000000000000000000e+00 0.000000000000000000e+00 0.000000000000000000e+00 8.607010010657788202e-02 7.086677366027753500e-02 0.000000000000000000e+00 0.000000000000000000e+00 0.000000000000000000e+00 6.707943958511602967e-02 0.000000000000000000e+00 1.641745490588886192e-02 6.707943595422331817e-02 7.313488246667158854e-02 0.000000000000000000e+00 0.000000000000000000e+00 7.615049813613193608e-02 0.000000000000000000e+00 4.722540020763115742e-01 7.094741310880134377e-02 0.000000000000000000e+00
0.000000000000000000e+00 0.000000000000000000e+00 0.000000000000000000e+00 0.000000000000000000e+00 8.629916823276033433e-02 7.103601769132791843e-02 0.000000000000000000e+00 0.000000000000000000e+00 0.000000000000000000e+00 6.723423307240723734e-02 0.000000000000000000e+00 1.637996287075014004e-02 6.723422942771498101e-02 7.331279693278000553e-02 0.000000000000000000e+00 0.000000000000000000e+00 7.633997185504415306e-02 1.098459568855351395e-04 4.709368084728454140e-01 7.111696548748426550e-02 0.000000000000000000e+00
0.000000000000000000e+00 0.000000000000000000e+00 0.000000000000000000e+00 0.000000000000000000e+00 8.640957129015237881e-02 7.110717602529675885e-02 0.000000000000000000e+00 0.000000000000000000e+00 0.000000000000000000e+00 6.729617030525655852e-02 0.000000000000000000e+00 1.631962684606586000e-02 6.729616665178181356e-02 7.338949539100236841e-02 0.000000000000000000e+00 0.000000000000000000e+00 7.642407084116549509e-02 8.879627416409827372e-04 4.696814390494439828e-01 7.118832085819386257e-02 0.000000000000000000e+00
0.000000000000000000e+00 0.000000000000000000e+00 0.000000000000000000e+00 0.000000000000000000e+00 8.646029388872501775e-02 7.112877983155109496e-02 0.000000000000000000e+00 0.000000000000000000e+00 0.000000000000000000e+00 6.731119557270894005e-02 0.000000000000000000e+00 1.624776614503723599e-02 6.731119191298734483e-02 7.341505783873085444e-02 0.000000000000000000e+00 0.000000000000000000e+00 7.645493370494779728e-02 2.071754530922070934e-03 4.683889611118583485e-01 7.121006546253122460e-02 0.000000000000000000e+00
0.000000000000000000e+00 0.000000000000000000e+00 0.000000000000000000e+00 0.000000000000000000e+00 8.648380923861941072e-02 7.112745092935790492e-02 0.000000000000000000e+00 0.000000000000000000e+00 0.000000000000000000e+00 6.730450901209007741e-02 0.000000000000000000e+00 1.617055397316240900e-02 6.730450534729376377e-02 7.341695733100542243e-02 0.000000000000000000e+00 0.000000000000000000e+00 7.646116501359151441e-02 3.482229628036168957e-03 4.670399681398885727e-01 7.120885138695481897e-02 0.000000000000000000e+00
0.000000000000000000e+00 0.000000000000000000e+00 0.000000000000000000e+00 0.000000000000000000e+00 8.649485859379772712e-02 7.111510948786929631e-02 0.000000000000000000e+00 0.000000000000000000e+00 0.000000000000000000e+00 6.728739343223953673e-02 0.000000000000000000e+00 1.609074319596236549e-02 6.728738976292925056e-02 7.340749566723429875e-02 0.000000000000000000e+00 0.000000000000000000e+00 7.645557389946061599e-02 5.040377292716132981e-03 4.656244462977376930e-01 7.119661237005316112e-02 0.000000000000000000e+00
0.000000000000000000e+00 0.000000000000000000e+00 0.000000000000000000e+00 0.000000000000000000e+00 8.650044571411526217e-02 7.109710887893488929e-02 0.000000000000000000e+00 0.000000000000000000e+00 0.000000000000000000e+00 6.726491566841047431e-02 0.000000000000000000e+00 1.600956590938069218e-02 6.726491199487219519e-02 7.339219779713415659e-02 0.000000000000000000e+00 0.000000000000000000e+00 7.644391345629156231e-02 6.711661849594509170e-03 4.641365708470214790e-01 7.117870788424486561e-02 0.000000000000000000e+00
