4.178465298981958592e-02 5.066385633410190603e-02 2.296472596333667265e-02 4.608469804603773645e-02 4.717726838882470297e-02 6.884034718901299588e-02 0.000000000000000000e+00 7.220688868913527347e-03 1.441970568625645585e-02 7.043343858334077945e-02 1.905452820510109002e-02 1.119454360682370503e-01 3.507793195396351899e-02 9.286944535664350131e-02 0.000000000000000000e+00 2.868837312694787981e-03 0.000000000000000000e+00 8.011084043249742936e-02 1.321558952570052736e-01 8.976171996073070702e-02 6.656598340348238163e-02
4.424779085431267828e-02 4.650759991173187419e-02 1.785441431111612492e-02 4.025006849782431645e-02 5.367542932125868999e-02 5.792434828624921234e-02 2.556642276153562069e-04 5.870782515548672933e-03 1.140858935022015172e-02 6.086326361970000737e-02 1.020250954765867732e-02 9.474304301840213993e-02 3.007845947799618266e-02 9.367898732293428177e-02 4.324805553846010862e-03 1.583656070868776425e-02 1.698821554896014002e-03 6.668106273774769555e-02 1.971593579855701328e-01 5.785221888598963969e-02 8.888622231069433222e-02
4.267514107575286209e-02 3.988540513604856008e-02 9.788345206870276496e-03 3.252646137162344686e-02 5.619802355238464470e-02 5.076758136221529161e-02 0.000000000000000000e+00 7.640087604403449648e-04 4.747319423906416758e-03 5.497199292299905643e-02 0.000000000000000000e+00 8.495579119978759197e-02 2.696906312671437655e-02 9.620908824180045282e-02 1.674167558096538010e-03 3.563647396147082147e-02 0.000000000000000000e+00 5.457630268397849899e-02 2.606026446748430092e-01 3.515797967731077583e-02 1.118942100637571324e-01
1.062816992488018961e-02 1.903118424046470114e-03 0.000000000000000000e+00 0.000000000000000000e+00 3.322869522881684995e-02 5.989637432279409923e-02 0.000000000000000000e+00 0.000000000000000000e+00 0.000000000000000000e+00 6.681145058922462188e-02 0.000000000000000000e+00 1.078664102009218723e-01 3.246391178581450876e-02 1.139747193845566109e-01 0.000000000000000000e+00 2.623124100721295829e-02 0.000000000000000000e+00 2.021909221745762583e-02 3.349497681263396975e-01 1.786427032707918819e-02 1.739627784608553662e-01
0.000000000000000000e+00 0.000000000000000000e+00 0.000000000000000000e+00 0.000000000000000000e+00 2.025085650206515792e-02 5.529294437567600778e-02 0.000000000000000000e+00 0.000000000000000000e+00 0.000000000000000000e+00 6.344072785646594215e-02 0.000000000000000000e+00 1.157816284864943840e-01 3.046167886933860702e-02 1.102109337906772707e-01 0.000000000000000000e+00 2.743387281795912902e-02 0.000000000000000000e+00 0.000000000000000000e+00 3.767323710615645971e-01 3.810782767513718351e-03 1.965842034722453391e-01
4.075704008507643680e-03 2.504316099504188230e-03 0.000000000000000000e+00 1.461531831267885544e-03 2.568802081356980418e-02 4.320672730827948560e-02 5.920903703569464229e-05 0.000000000000000000e+00 0.000000000000000000e+00 5.092166335396561966e-02 0.000000000000000000e+00 1.066636057871877957e-01 2.416217351457851034e-02 9.688092210065225862e-02 1.485958729559359003e-03 4.183628659410898454e-02 9.885795820036062664e-03 0.000000000000000000e+00 3.688555701711055401e-01 2.142538383513154215e-03 2.201699764471277687e-01
8.839141509186054443e-03 5.999335398708794016e-03 0.000000000000000000e+00 3.658922248782199484e-03 3.042845878736025883e-02 3.263410416823982196e-02 1.499751973114708077e-03 1.927774436064004504e-03 7.132659501359214739e-04 3.999740918554651331e-02 0.000000000000000000e+00 1.187506316886962621e-01 1.860107602252731099e-02 8.666780800973850063e-02 4.184287937953837071e-03 5.233737485328045225e-02 2.185187356526825664e-02 1.530845056721672143e-03 3.554690164789768847e-01 0.000000000000000000e+00 2.149089227296983873e-01
0.000000000000000000e+00 0.000000000000000000e+00 0.000000000000000000e+00 0.000000000000000000e+00 2.303691808291969539e-02 2.745279852474617754e-02 0.000000000000000000e+00 0.000000000000000000e+00 0.000000000000000000e+00 3.524342471141757999e-02 0.000000000000000000e+00 1.407532763424626521e-01 1.600573999653588653e-02 8.313397281396418814e-02 0.000000000000000000e+00 5.163713200984517554e-02 2.600571460689495018e-02 0.000000000000000000e+00 3.611511034049230129e-01 0.000000000000000000e+00 2.355799195062907025e-01
0.000000000000000000e+00 0.000000000000000000e+00 0.000000000000000000e+00 0.000000000000000000e+00 0.000000000000000000e+00 3.171014073362175834e-02 0.000000000000000000e+00 0.000000000000000000e+00 0.000000000000000000e+00 4.286724372985784015e-02 0.000000000000000000e+00 1.480464194904691222e-01 1.908065512079088269e-02 6.356739757369640753e-02 0.000000000000000000e+00 0.000000000000000000e+00 5.432364620239853691e-04 0.000000000000000000e+00 4.183196514984545700e-01 0.000000000000000000e+00 2.758652553910855842e-01
0.000000000000000000e+00 0.000000000000000000e+00 0.000000000000000000e+00 0.000000000000000000e+00 0.000000000000000000e+00 3.227641719647644097e-02 0.000000000000000000e+00 0.000000000000000000e+00 0.000000000000000000e+00 4.564612837768376730e-02 0.000000000000000000e+00 1.433660058774437474e-01 1.997623715116306903e-02 3.728657558410804901e-02 0.000000000000000000e+00 0.000000000000000000e+00 0.000000000000000000e+00 0.000000000000000000e+00 4.324788871251890043e-01 0.000000000000000000e+00 2.889697486879359012e-01
0.000000000000000000e+00 0.000000000000000000e+00 0.000000000000000000e+00 0.000000000000000000e+00 0.000000000000000000e+00 3.329967934088102349e-02 0.000000000000000000e+00 0.000000000000000000e+00 0.000000000000000000e+00 4.917354758787773061e-02 0.000000000000000000e+00 1.360493952452869748e-01 2.120600142583186146e-02 1.237753427143434455e-02 0.000000000000000000e+00 0.000000000000000000e+00 0.000000000000000000e+00 0.000000000000000000e+00 4.478362496122609282e-01 0.000000000000000000e+00 3.000575925164271629e-01
0.000000000000000000e+00 0.000000000000000000e+00 0.000000000000000000e+00 0.000000000000000000e+00 0.000000000000000000e+00 3.440900917278709448e-02 0.000000000000000000e+00 0.000000000000000000e+00 0.000000000000000000e+00 5.291915348178808515e-02 0.000000000000000000e+00 1.249294947895996793e-01 2.253667411947978677e-02 0.000000000000000000e+00 0.000000000000000000e+00 0.000000000000000000e+00 0.000000000000000000e+00 0.000000000000000000e+00 4.588125689992706424e-01 0.000000000000000000e+00 3.063930994370747118e-01
0.000000000000000000e+00 0.000000000000000000e+00 0.000000000000000000e+00 0.000000000000000000e+00 0.000000000000000000e+00 3.502158785793652723e-02 0.000000000000000000e+00 0.000000000000000000e+00 0.000000000000000000e+00 5.596817746727496268e-02 0.000000000000000000e+00 1.132213157969196027e-01 2.357027980472782905e-02 0.000000000000000000e+00 0.000000000000000000e+00 0.000000000000000000e+00 0.000000000000000000e+00 0.000000000000000000e+00 4.635802959676657564e-01 0.000000000000000000e+00 3.086383431054753324e-01
0.000000000000000000e+00 0.000000000000000000e+00 0.000000000000000000e+00 0.000000000000000000e+00 0.000000000000000000e+00 3.546498997152716659e-02 0.000000000000000000e+00 0.000000000000000000e+00 0.000000000000000000e+00 5.879775790827179716e-02 0.000000000000000000e+00 1.030505894978414466e-01 2.451086977491600399e-02 0.000000000000000000e+00 0.000000000000000000e+00 0.000000000000000000e+00 0.000000000000000000e+00 0.000000000000000000e+00 4.676062370421240066e-01 0.000000000000000000e+00 3.105695558053195304e-01
0.000000000000000000e+00 0.000000000000000000e+00 0.000000000000000000e+00 0.000000000000000000e+00 0.000000000000000000e+00 3.580265690108021259e-02 0.000000000000000000e+00 0.000000000000000000e+00 0.000000000000000000e+00 6.151699126526031375e-02 0.000000000000000000e+00 9.404514909113630139e-02 2.540371540428765923e-02 0.000000000000000000e+00 0.000000000000000000e+00 0.000000000000000000e+00 0.000000000000000000e+00 0.000000000000000000e+00 4.713960637548340049e-01 0.000000000000000000e+00 3.118354235834014943e-01
0.000000000000000000e+00 0.000000000000000000e+00 0.000000000000000000e+00 0.000000000000000000e+00 0.000000000000000000e+00 3.630924673397661895e-02 0.000000000000000000e+00 0.000000000000000000e+00 0.000000000000000000e+00 6.470139714786450613e-02 0.000000000000000000e+00 8.513994839163377404e-02 2.647884769133788258e-02 0.000000000000000000e+00 0.000000000000000000e+00 0.000000000000000000e+00 0.000000000000000000e+00 0.000000000000000000e+00 4.773670181695937598e-01 0.000000000000000000e+00 3.100035418655934238e-01
0.000000000000000000e+00 0.000000000000000000e+00 0.000000000000000000e+00 0.000000000000000000e+00 0.000000000000000000e+00 3.657217830684657278e-02 0.000000000000000000e+00 0.000000000000000000e+00 0.000000000000000000e+00 6.747840560991703873e-02 0.000000000000000000e+00 7.898389447817673326e-02 2.738771652685217245e-02 0.000000000000000000e+00 0.000000000000000000e+00 0.000000000000000000e+00 0.000000000000000000e+00 0.000000000000000000e+00 4.813982796116695884e-01 0.000000000000000000e+00 3.081795254665379291e-01
0.000000000000000000e+00 0.000000000000000000e+00 0.000000000000000000e+00 0.000000000000000000e+00 0.000000000000000000e+00 3.659553361174656266e-02 0.000000000000000000e+00 0.000000000000000000e+00 0.000000000000000000e+00 6.982256800974857847e-02 0.000000000000000000e+00 7.469843581369081664e-02 2.812221906088805887e-02 0.000000000000000000e+00 0.000000000000000000e+00 0.000000000000000000e+00 0.000000000000000000e+00 0.000000000000000000e+00 4.839844103852017354e-01 0.000000000000000000e+00 3.067768331187243347e-01
0.000000000000000000e+00 0.000000000000000000e+00 0.000000000000000000e+00 0.000000000000000000e+00 0.000000000000000000e+00 3.642974966269157955e-02 0.000000000000000000e+00 0.000000000000000000e+00 0.000000000000000000e+00 7.181332974628876209e-02 0.000000000000000000e+00 7.183741496205336974e-02 2.871540545233241745e-02 0.000000000000000000e+00 0.000000000000000000e+00 0.000000000000000000e+00 0.000000000000000000e+00 0.000000000000000000e+00 4.854888102062377975e-01 0.000000000000000000e+00 3.057152899703961535e-01
0.000000000000000000e+00 0.000000000000000000e+00 0.000000000000000000e+00 0.000000000000000000e+00 0.000000000000000000e+00 3.611288430470485644e-02 0.000000000000000000e+00 0.000000000000000000e+00 0.000000000000000000e+00 7.351154481714843036e-02 0.000000000000000000e+00 7.007728275078829727e-02 2.919242640949683970e-02 0.000000000000000000e+00 0.000000000000000000e+00 0.000000000000000000e+00 0.000000000000000000e+00 0.000000000000000000e+00 4.861610674683368161e-01 0.000000000000000000e+00 3.049447942495247532e-01
0.000000000000000000e+00 0.000000000000000000e+00 0.000000000000000000e+00 0.000000000000000000e+00 0.000000000000000000e+00 3.567595515226602843e-02 0.000000000000000000e+00 0.000000000000000000e+00 0.000000000000000000e+00 7.496870869763207212e-02 0.000000000000000000e+00 6.916211295403930370e-02 2.957437384097365632e-02 0.000000000000000000e+00 0.000000000000000000e+00 0.000000000000000000e+00 0.000000000000000000e+00 0.000000000000000000e+00 4.861952222973280890e-01 0.000000000000000000e+00 3.044236270577609926e-01
0.000000000000000000e+00 0.000000000000000000e+00 0.000000000000000000e+00 0.000000000000000000e+00 0.000000000000000000e+00 3.514480045264162245e-02 0.000000000000000000e+00 0.000000000000000000e+00 0.000000000000000000e+00 7.622961820230497731e-02 0.000000000000000000e+00 6.888590708189103184e-02 2.987943051740526643e-02 0.000000000000000000e+00 0.000000000000000000e+00 0.000000000000000000e+00 0.000000000000000000e+00 0.000000000000000000e+00 4.857462282705544698e-01 0.000000000000000000e+00 3.041140154752026148e-01
0.000000000000000000e+00 0.000000000000000000e+00 0.000000000000000000e+00 0.000000000000000000e+00 0.000000000000000000e+00 3.454157788209485241e-02 0.000000000000000000e+00 0.000000000000000000e+00 0.000000000000000000e+00 7.733467814677344454e-02 0.000000000000000000e+00 6.907878408863554753e-02 3.012384250269474831e-02 0.000000000000000000e+00 0.000000000000000000e+00 0.000000000000000000e+00 0.000000000000000000e+00 0.000000000000000000e+00 4.849405630993895988e-01 0.000000000000000000e+00 3.039805542804118743e-01
0.000000000000000000e+00 0.000000000000000000e+00 0.000000000000000000e+00 0.000000000000000000e+00 0.000000000000000000e+00 3.388732916641926801e-02 0.000000000000000000e+00 0.000000000000000000e+00 0.000000000000000000e+00 7.832503255243289386e-02 0.000000000000000000e+00 6.958262081329050219e-02 3.032396395966478406e-02 0.000000000000000000e+00 0.000000000000000000e+00 0.000000000000000000e+00 0.000000000000000000e+00 0.000000000000000000e+00 4.838914103503699216e-01 0.000000000000000000e+00 3.039896431578226754e-01
0.000000000000000000e+00 0.000000000000000000e+00 0.000000000000000000e+00 0.000000000000000000e+00 0.000000000000000000e+00 3.321240498810310721e-02 0.000000000000000000e+00 0.000000000000000000e+00 0.000000000000000000e+00 7.926679246040593818e-02 0.000000000000000000e+00 7.014197898884083626e-02 3.050566334046140443e-02 0.000000000000000000e+00 0.000000000000000000e+00 0.000000000000000000e+00 0.000000000000000000e+00 0.000000000000000000e+00 4.827591914196537881e-01 0.000000000000000000e+00 3.041139688025348842e-01
0.000000000000000000e+00 0.000000000000000000e+00 0.000000000000000000e+00 0.000000000000000000e+00 0.000000000000000000e+00 3.262028216441267142e-02 0.000000000000000000e+00 0.000000000000000000e+00 0.000000000000000000e+00 8.040738268063936378e-02 0.000000000000000000e+00 6.989206213443958926e-02 3.076441221482443741e-02 0.000000000000000000e+00 0.000000000000000000e+00 0.000000000000000000e+00 0.000000000000000000e+00 0.000000000000000000e+00 4.820381410922955912e-01 0.000000000000000000e+00 3.042777197133883504e-01
0.000000000000000000e+00 0.000000000000000000e+00 0.000000000000000000e+00 0.000000000000000000e+00 0.000000000000000000e+00 3.168746721413607387e-02 0.000000000000000000e+00 0.000000000000000000e+00 0.000000000000000000e+00 8.070709928239801212e-02 0.000000000000000000e+00 7.474500952011442489e-02 3.070105635640561423e-02 0.000000000000000000e+00 0.000000000000000000e+00 0.000000000000000000e+00 0.000000000000000000e+00 0.000000000000000000e+00 4.785759467226192165e-01 0.000000000000000000e+00 3.035834209043265508e-01
0.000000000000000000e+00 0.000000000000000000e+00 0.000000000000000000e+00 0.000000000000000000e+00 0.000000000000000000e+00 3.068855213979346935e-02 0.000000000000000000e+00 0.000000000000000000e+00 0.000000000000000000e+00 8.083572490373078234e-02 0.000000000000000000e+00 8.001898419147912556e-02 3.057121577299700549e-02 0.000000000000000000e+00 0.000000000000000000e+00 0.000000000000000000e+00 0.000000000000000000e+00 0.000000000000000000e+00 4.748809335966128753e-01 0.000000000000000000e+00 3.030045893953868252e-01
0.000000000000000000e+00 0.000000000000000000e+00 0.000000000000000000e+00 0.000000000000000000e+00 0.000000000000000000e+00 2.967200641564812780e-02 0.000000000000000000e+00 0.000000000000000000e+00 0.000000000000000000e+00 8.091335276274756738e-02 0.000000000000000000e+00 8.506190965582212382e-02 3.042077648750858218e-02 0.000000000000000000e+00 0.000000000000000000e+00 0.000000000000000000e+00 0.000000000000000000e+00 0.000000000000000000e+00 4.713124999841016849e-01 0.000000000000000000e+00 3.026194546941718966e-01
0.000000000000000000e+00 0.000000000000000000e+00 0.000000000000000000e+00 0.000000000000000000e+00 0.000000000000000000e+00 2.865403480434370112e-02 0.000000000000000000e+00 0.000000000000000000e+00 0.000000000000000000e+00 8.098100165025200192e-02 0.000000000000000000e+00 8.973021135376432755e-02 3.026549665955822685e-02 0.000000000000000000e+00 0.000000000000000000e+00 0.000000000000000000e+00 0.000000000000000000e+00 0.000000000000000000e+00 4.679540078227897304e-01 0.000000000000000000e+00 3.024152477092921232e-01
0.000000000000000000e+00 0.000000000000000000e+00 0.000000000000000000e+00 0.000000000000000000e+00 0.000000000000000000e+00 2.764351520011692348e-02 0.000000000000000000e+00 0.000000000000000000e+00 0.000000000000000000e+00 8.106237440540525752e-02 0.000000000000000000e+00 9.397765827309195741e-02 3.011449764659866399e-02 0.000000000000000000e+00 0.000000000000000000e+00 0.000000000000000000e+00 0.000000000000000000e+00 0.000000000000000000e+00 4.648341714679227743e-01 0.000000000000000000e+00 3.023677830068642880e-01
0.000000000000000000e+00 0.000000000000000000e+00 0.000000000000000000e+00 0.000000000000000000e+00 0.000000000000000000e+00 2.664556098260071823e-02 0.000000000000000000e+00 0.000000000000000000e+00 0.000000000000000000e+00 8.117227270411025986e-02 0.000000000000000000e+00 9.779714722881055478e-02 2.997347865163554892e-02 0.000000000000000000e+00 0.000000000000000000e+00 0.000000000000000000e+00 0.000000000000000000e+00 0.000000000000000000e+00 4.619589159053037464e-01 0.000000000000000000e+00 3.024526245275392378e-01
0.000000000000000000e+00 0.000000000000000000e+00 0.000000000000000000e+00 0.000000000000000000e+00 0.000000000000000000e+00 2.566288914006517596e-02 0.000000000000000000e+00 0.000000000000000000e+00 0.000000000000000000e+00 8.131964620754793260e-02 0.000000000000000000e+00 1.012016936160853309e-01 2.984589248650308321e-02 0.000000000000000000e+00 0.000000000000000000e+00 0.000000000000000000e+00 0.000000000000000000e+00 0.000000000000000000e+00 4.593221213387461144e-01 0.000000000000000000e+00 3.026477572110522485e-01
0.000000000000000000e+00 0.000000000000000000e+00 0.000000000000000000e+00 0.000000000000000000e+00 0.000000000000000000e+00 2.469662647943047726e-02 0.000000000000000000e+00 0.000000000000000000e+00 0.000000000000000000e+00 8.150936503637620789e-02 0.000000000000000000e+00 1.042151795488286681e-01 2.973363205434024353e-02 0.000000000000000000e+00 0.000000000000000000e+00 0.000000000000000000e+00 0.000000000000000000e+00 0.000000000000000000e+00 4.569110137587241716e-01 0.000000000000000000e+00 3.029341831223001935e-01
0.000000000000000000e+00 0.000000000000000000e+00 0.000000000000000000e+00 0.000000000000000000e+00 0.000000000000000000e+00 2.374685385202818938e-02 0.000000000000000000e+00 0.000000000000000000e+00 0.000000000000000000e+00 8.174343839496890640e-02 0.000000000000000000e+00 1.068670284726157965e-01 2.963750201180760657e-02 0.000000000000000000e+00 0.000000000000000000e+00 0.000000000000000000e+00 0.000000000000000000e+00 0.000000000000000000e+00 4.547093368058358620e-01 0.000000000000000000e+00 3.032958404627435489e-01
0.000000000000000000e+00 0.000000000000000000e+00 0.000000000000000000e+00 0.000000000000000000e+00 0.000000000000000000e+00 2.281298702789697277e-02 0.000000000000000000e+00 0.000000000000000000e+00 0.000000000000000000e+00 8.202189730192091521e-02 0.000000000000000000e+00 1.091889367456268939e-01 2.955755924469634019e-02 0.000000000000000000e+00 0.000000000000000000e+00 0.000000000000000000e+00 0.000000000000000000e+00 0.000000000000000000e+00 4.526993282846912270e-01 0.000000000000000000e+00 3.037192913951677342e-01
0.000000000000000000e+00 0.000000000000000000e+00 0.000000000000000000e+00 0.000000000000000000e+00 0.000000000000000000e+00 2.189404388014422678e-02 0.000000000000000000e+00 0.000000000000000000e+00 0.000000000000000000e+00 8.234344194664838801e-02 0.000000000000000000e+00 1.112128373633754358e-01 2.949336130026405933e-02 0.000000000000000000e+00 0.000000000000000000e+00 0.000000000000000000e+00 0.000000000000000000e+00 0.000000000000000000e+00 4.508629651026549445e-01 0.000000000000000000e+00 3.041933504069128102e-01
0.000000000000000000e+00 0.000000000000000000e+00 0.000000000000000000e+00 0.000000000000000000e+00 0.000000000000000000e+00 2.098882970312195007e-02 0.000000000000000000e+00 0.000000000000000000e+00 0.000000000000000000e+00 8.270591536511769093e-02 0.000000000000000000e+00 1.129696498830571466e-01 2.944414704477273104e-02 0.000000000000000000e+00 0.000000000000000000e+00 0.000000000000000000e+00 0.000000000000000000e+00 0.000000000000000000e+00 4.491827342467818451e-01 0.000000000000000000e+00 3.047087237571486362e-01
0.000000000000000000e+00 0.000000000000000000e+00 0.000000000000000000e+00 0.000000000000000000e+00 0.000000000000000000e+00 2.009606323919837026e-02 0.000000000000000000e+00 0.000000000000000000e+00 0.000000000000000000e+00 8.310664702493332501e-02 0.000000000000000000e+00 1.144885457334780809e-01 2.940896675780942451e-02 0.000000000000000000e+00 0.000000000000000000e+00 0.000000000000000000e+00 0.000000000000000000e+00 0.000000000000000000e+00 4.476420897610239313e-01 0.000000000000000000e+00 3.052576874835570275e-01
0.000000000000000000e+00 0.000000000000000000e+00 0.000000000000000000e+00 0.000000000000000000e+00 0.000000000000000000e+00 1.921445998246345752e-02 0.000000000000000000e+00 0.000000000000000000e+00 0.000000000000000000e+00 8.354269885351209290e-02 0.000000000000000000e+00 1.157965539992810294e-01 2.938677450423072060e-02 0.000000000000000000e+00 0.000000000000000000e+00 0.000000000000000000e+00 0.000000000000000000e+00 0.000000000000000000e+00 4.462257007827338251e-01 0.000000000000000000e+00 3.058338118777788051e-01
0.000000000000000000e+00 0.000000000000000000e+00 0.000000000000000000e+00 0.000000000000000000e+00 0.000000000000000000e+00 1.834278500615700233e-02 0.000000000000000000e+00 0.000000000000000000e+00 0.000000000000000000e+00 8.401103840693588398e-02 0.000000000000000000e+00 1.169183911256890251e-01 2.937649250579476429e-02 0.000000000000000000e+00 0.000000000000000000e+00 0.000000000000000000e+00 0.000000000000000000e+00 0.000000000000000000e+00 4.449195615029771234e-01 0.000000000000000000e+00 3.064317314524462876e-01
0.000000000000000000e+00 0.000000000000000000e+00 0.000000000000000000e+00 0.000000000000000000e+00 0.000000000000000000e+00 1.747988433878201048e-02 0.000000000000000000e+00 0.000000000000000000e+00 0.000000000000000000e+00 8.450865797279030756e-02 0.000000000000000000e+00 1.178764357182116029e-01 2.937705488086848893e-02 0.000000000000000000e+00 0.000000000000000000e+00 0.000000000000000000e+00 0.000000000000000000e+00 0.000000000000000000e+00 4.437110113937480782e-01 0.000000000000000000e+00 3.070469556955995882e-01
0.000000000000000000e+00 0.000000000000000000e+00 0.000000000000000000e+00 0.000000000000000000e+00 0.000000000000000000e+00 1.662470149359160723e-02 0.000000000000000000e+00 0.000000000000000000e+00 0.000000000000000000e+00 8.503265386578791329e-02 0.000000000000000000e+00 1.186907948342822011e-01 2.938743631519526167e-02 0.000000000000000000e+00 0.000000000000000000e+00 0.000000000000000000e+00 0.000000000000000000e+00 0.000000000000000000e+00 4.425886987728151478e-01 0.000000000000000000e+00 3.076757147183278862e-01
0.000000000000000000e+00 0.000000000000000000e+00 0.000000000000000000e+00 0.000000000000000000e+00 0.000000000000000000e+00 1.577628394299926060e-02 0.000000000000000000e+00 0.000000000000000000e+00 0.000000000000000000e+00 8.558027668384612929e-02 0.000000000000000000e+00 1.193794253364506702e-01 2.940666984059242539e-02 0.000000000000000000e+00 0.000000000000000000e+00 0.000000000000000000e+00 0.000000000000000000e+00 0.000000000000000000e+00 4.415425102666922785e-01 0.000000000000000000e+00 3.083148339294193852e-01
0.000000000000000000e+00 0.000000000000000000e+00 0.000000000000000000e+00 0.000000000000000000e+00 0.000000000000000000e+00 1.493378297964246919e-02 0.000000000000000000e+00 0.000000000000000000e+00 0.000000000000000000e+00 8.614896061326945964e-02 0.000000000000000000e+00 1.199582856824971261e-01 2.943385683877527276e-02 0.000000000000000000e+00 0.000000000000000000e+00 0.000000000000000000e+00 0.000000000000000000e+00 0.000000000000000000e+00 4.405634814493623597e-01 0.000000000000000000e+00 3.089616324364534150e-01
0.000000000000000000e+00 0.000000000000000000e+00 0.000000000000000000e+00 0.000000000000000000e+00 0.000000000000000000e+00 1.409644940826754525e-02 0.000000000000000000e+00 0.000000000000000000e+00 0.000000000000000000e+00 8.673633782578421547e-02 0.000000000000000000e+00 1.204415016816350048e-01 2.946817158192105435e-02 0.000000000000000000e+00 0.000000000000000000e+00 0.000000000000000000e+00 0.000000000000000000e+00 0.000000000000000000e+00 4.396436988760500930e-01 0.000000000000000000e+00 3.096138406263418963e-01
0.000000000000000000e+00 0.000000000000000000e+00 0.000000000000000000e+00 0.000000000000000000e+00 0.000000000000000000e+00 1.326362678098327863e-02 0.000000000000000000e+00 0.000000000000000000e+00 0.000000000000000000e+00 8.734024245545805865e-02 0.000000000000000000e+00 1.208415353848022178e-01 2.950886201260666600e-02 0.000000000000000000e+00 0.000000000000000000e+00 0.000000000000000000e+00 0.000000000000000000e+00 0.000000000000000000e+00 4.387762002203992595e-01 0.000000000000000000e+00 3.102695331457504535e-01
0.000000000000000000e+00 0.000000000000000000e+00 0.000000000000000000e+00 0.000000000000000000e+00 0.000000000000000000e+00 1.243474335607789617e-02 0.000000000000000000e+00 0.000000000000000000e+00 0.000000000000000000e+00 8.795870746751274782e-02 0.000000000000000000e+00 1.211693501714438820e-01 2.955524800783529762e-02 0.000000000000000000e+00 0.000000000000000000e+00 0.000000000000000000e+00 0.000000000000000000e+00 0.000000000000000000e+00 4.379548767940497633e-01 0.000000000000000000e+00 3.109270742030804668e-01
0.000000000000000000e+00 0.000000000000000000e+00 0.000000000000000000e+00 0.000000000000000000e+00 0.000000000000000000e+00 1.160930357646840737e-02 0.000000000000000000e+00 0.000000000000000000e+00 0.000000000000000000e+00 8.858995684527866399e-02 0.000000000000000000e+00 1.214345677744776419e-01 2.960671802926626017e-02 0.000000000000000000e+00 0.000000000000000000e+00 0.000000000000000000e+00 0.000000000000000000e+00 0.000000000000000000e+00 4.371743810559328147e-01 0.000000000000000000e+00 3.115850727185762170e-01
0.000000000000000000e+00 0.000000000000000000e+00 0.000000000000000000e+00 0.000000000000000000e+00 0.000000000000000000e+00 1.078687958923565254e-02 0.000000000000000000e+00 0.000000000000000000e+00 0.000000000000000000e+00 8.923239485713493901e-02 0.000000000000000000e+00 1.216456148160665329e-01 2.966272480669523634e-02 0.000000000000000000e+00 0.000000000000000000e+00 0.000000000000000000e+00 0.000000000000000000e+00 0.000000000000000000e+00 4.364300405779943381e-01 0.000000000000000000e+00 3.122423453528733739e-01
0.000000000000000000e+00 0.000000000000000000e+00 0.000000000000000000e+00 0.000000000000000000e+00 0.000000000000000000e+00 9.967103133459520939e-03 0.000000000000000000e+00 0.000000000000000000e+00 0.000000000000000000e+00 8.988459366898400582e-02 0.000000000000000000e+00 1.218098576649822434e-01 2.972278051288940529e-02 0.000000000000000000e+00 0.000000000000000000e+00 0.000000000000000000e+00 0.000000000000000000e+00 0.000000000000000000e+00 4.357177791653941146e-01 0.000000000000000000e+00 3.128978858542906805e-01
0.000000000000000000e+00 0.000000000000000000e+00 0.000000000000000000e+00 0.000000000000000000e+00 0.000000000000000000e+00 9.149657987935955542e-03 0.000000000000000000e+00 0.000000000000000000e+00 0.000000000000000000e+00 9.054528019872185030e-02 0.000000000000000000e+00 1.219337252505644509e-01 2.978645174867716044e-02 0.000000000000000000e+00 0.000000000000000000e+00 0.000000000000000000e+00 0.000000000000000000e+00 0.000000000000000000e+00 4.350340453204782909e-01 0.000000000000000000e+00 3.135508394936222243e-01
0.000000000000000000e+00 0.000000000000000000e+00 0.000000000000000000e+00 0.000000000000000000e+00 0.000000000000000000e+00 8.334273077165660695e-03 0.000000000000000000e+00 0.000000000000000000e+00 0.000000000000000000e+00 9.121332283603432456e-02 0.000000000000000000e+00 1.220228200040662375e-01 2.985335455525661361e-02 0.000000000000000000e+00 0.000000000000000000e+00 0.000000000000000000e+00 0.000000000000000000e+00 0.000000000000000000e+00 4.343757479120498033e-01 0.000000000000000000e+00 3.142004816154273517e-01
0.000000000000000000e+00 0.000000000000000000e+00 0.000000000000000000e+00 0.000000000000000000e+00 0.000000000000000000e+00 7.520716271317937941e-03 0.000000000000000000e+00 0.000000000000000000e+00 0.000000000000000000e+00 9.188771844989808424e-02 0.000000000000000000e+00 1.220820174337540615e-01 2.992314959657524712e-02 0.000000000000000000e+00 0.000000000000000000e+00 0.000000000000000000e+00 0.000000000000000000e+00 0.000000000000000000e+00 4.337401987089830602e-01 0.000000000000000000e+00 3.148461995394717383e-01
0.000000000000000000e+00 0.000000000000000000e+00 0.000000000000000000e+00 0.000000000000000000e+00 0.000000000000000000e+00 6.708788874925451784e-03 0.000000000000000000e+00 0.000000000000000000e+00 0.000000000000000000e+00 9.256757995933993788e-02 0.000000000000000000e+00 1.221155550376239324e-01 2.999553760121603796e-02 0.000000000000000000e+00 0.000000000000000000e+00 0.000000000000000000e+00 0.000000000000000000e+00 0.000000000000000000e+00 4.331250613208054157e-01 0.000000000000000000e+00 3.154874772060891619e-01
0.000000000000000000e+00 0.000000000000000000e+00 0.000000000000000000e+00 0.000000000000000000e+00 0.000000000000000000e+00 5.898320773454614023e-03 0.000000000000000000e+00 0.000000000000000000e+00 0.000000000000000000e+00 9.325212463666072982e-02 0.000000000000000000e+00 1.221271113607504677e-01 3.007025511514066843e-02 0.000000000000000000e+00 0.000000000000000000e+00 0.000000000000000000e+00 0.000000000000000000e+00 0.000000000000000000e+00 4.325283060298558691e-01 0.000000000000000000e+00 3.161238820841378305e-01
0.000000000000000000e+00 0.000000000000000000e+00 0.000000000000000000e+00 0.000000000000000000e+00 0.000000000000000000e+00 5.089166191970473374e-03 0.000000000000000000e+00 0.000000000000000000e+00 0.000000000000000000e+00 9.394066323614065628e-02 0.000000000000000000e+00 1.221198760438684250e-01 3.014707058986499516e-02 0.000000000000000000e+00 0.000000000000000000e+00 0.000000000000000000e+00 0.000000000000000000e+00 0.000000000000000000e+00 4.319481699806097530e-01 0.000000000000000000e+00 3.167550539575456625e-01
0.000000000000000000e+00 0.000000000000000000e+00 0.000000000000000000e+00 0.000000000000000000e+00 0.000000000000000000e+00 4.281200012516814604e-03 0.000000000000000000e+00 0.000000000000000000e+00 0.000000000000000000e+00 9.463258998744882022e-02 0.000000000000000000e+00 1.220966117074324814e-01 3.022578081216692122e-02 0.000000000000000000e+00 0.000000000000000000e+00 0.000000000000000000e+00 0.000000000000000000e+00 0.000000000000000000e+00 4.313831221981444530e-01 0.000000000000000000e+00 3.173806952822905147e-01
0.000000000000000000e+00 0.000000000000000000e+00 0.000000000000000000e+00 0.000000000000000000e+00 0.000000000000000000e+00 3.474314594154219362e-03 0.000000000000000000e+00 0.000000000000000000e+00 0.000000000000000000e+00 9.532737345572279974e-02 0.000000000000000000e+00 1.220597084862291015e-01 3.030620766900635199e-02 0.000000000000000000e+00 0.000000000000000000e+00 0.000000000000000000e+00 0.000000000000000000e+00 0.000000000000000000e+00 4.308318329300078187e-01 0.000000000000000000e+00 3.180005628648797655e-01
0.000000000000000000e+00 0.000000000000000000e+00 0.000000000000000000e+00 0.000000000000000000e+00 0.000000000000000000e+00 2.668417040129488459e-03 0.000000000000000000e+00 0.000000000000000000e+00 0.000000000000000000e+00 9.602454824518907861e-02 0.000000000000000000e+00 1.220112319841593213e-01 3.038819523330147862e-02 0.000000000000000000e+00 0.000000000000000000e+00 0.000000000000000000e+00 0.000000000000000000e+00 0.000000000000000000e+00 4.302931468374381896e-01 0.000000000000000000e+00 3.186144606597824391e-01
0.000000000000000000e+00 0.000000000000000000e+00 0.000000000000000000e+00 0.000000000000000000e+00 0.000000000000000000e+00 1.863426859182405835e-03 0.000000000000000000e+00 0.000000000000000000e+00 0.000000000000000000e+00 9.672370750696494823e-02 0.000000000000000000e+00 1.219529653643399159e-01 3.047160715131634612e-02 0.000000000000000000e+00 0.000000000000000000e+00 0.000000000000000000e+00 0.000000000000000000e+00 0.000000000000000000e+00 4.297660595984504894e-01 0.000000000000000000e+00 3.192222335197459349e-01
0.000000000000000000e+00 0.000000000000000000e+00 0.000000000000000000e+00 0.000000000000000000e+00 0.000000000000000000e+00 1.059273971692412412e-03 0.000000000000000000e+00 0.000000000000000000e+00 0.000000000000000000e+00 9.742449620186917347e-02 0.000000000000000000e+00 1.218864462311411712e-01 3.055632430975644548e-02 0.000000000000000000e+00 0.000000000000000000e+00 0.000000000000000000e+00 0.000000000000000000e+00 0.000000000000000000e+00 4.292496975237563572e-01 0.000000000000000000e+00 3.198237617617845641e-01
0.000000000000000000e+00 0.000000000000000000e+00 0.000000000000000000e+00 0.000000000000000000e+00 0.000000000000000000e+00 2.558970156530405429e-04 0.000000000000000000e+00 0.000000000000000000e+00 0.000000000000000000e+00 9.812660506384084103e-02 0.000000000000000000e+00 1.218129989015089010e-01 3.064224275956906052e-02 0.000000000000000000e+00 0.000000000000000000e+00 0.000000000000000000e+00 0.000000000000000000e+00 0.000000000000000000e+00 4.287432998248359439e-01 0.000000000000000000e+00 3.204189564345923391e-01
0.000000000000000000e+00 0.000000000000000000e+00 0.000000000000000000e+00 0.000000000000000000e+00 0.000000000000000000e+00 0.000000000000000000e+00 0.000000000000000000e+00 0.000000000000000000e+00 0.000000000000000000e+00 9.874855023929085540e-02 0.000000000000000000e+00 1.217133251039497349e-01 3.070392089625319926e-02 0.000000000000000000e+00 0.000000000000000000e+00 0.000000000000000000e+00 0.000000000000000000e+00 0.000000000000000000e+00 4.279924177182179434e-01 0.000000000000000000e+00 3.208417860422883572e-01
0.000000000000000000e+00 0.000000000000000000e+00 0.000000000000000000e+00 0.000000000000000000e+00 0.000000000000000000e+00 0.000000000000000000e+00 0.000000000000000000e+00 0.000000000000000000e+00 0.000000000000000000e+00 9.923033300252868949e-02 0.000000000000000000e+00 1.217642801580883921e-01 3.072256921687478368e-02 0.000000000000000000e+00 0.000000000000000000e+00 0.000000000000000000e+00 0.000000000000000000e+00 0.000000000000000000e+00 4.270647897527157233e-01 0.000000000000000000e+00 3.212180278697924773e-01
0.000000000000000000e+00 0.000000000000000000e+00 0.000000000000000000e+00 0.000000000000000000e+00 0.000000000000000000e+00 0.000000000000000000e+00 0.000000000000000000e+00 0.000000000000000000e+00 0.000000000000000000e+00 9.961272753172957517e-02 0.000000000000000000e+00 1.219559265505357065e-01 3.071095895281121535e-02 0.000000000000000000e+00 0.000000000000000000e+00 0.000000000000000000e+00 0.000000000000000000e+00 0.000000000000000000e+00 4.260922015328830192e-01 0.000000000000000000e+00 3.216281854320405253e-01
0.000000000000000000e+00 0.000000000000000000e+00 0.000000000000000000e+00 0.000000000000000000e+00 0.000000000000000000e+00 0.000000000000000000e+00 0.000000000000000000e+00 0.000000000000000000e+00 0.000000000000000000e+00 9.991666478500570159e-02 0.000000000000000000e+00 1.222427689503251674e-01 3.067565271999059956e-02 0.000000000000000000e+00 0.000000000000000000e+00 0.000000000000000000e+00 0.000000000000000000e+00 0.000000000000000000e+00 4.250972750382360776e-01 0.000000000000000000e+00 3.220676385064425440e-01
0.000000000000000000e+00 0.000000000000000000e+00 0.000000000000000000e+00 0.000000000000000000e+00 0.000000000000000000e+00 0.000000000000000000e+00 0.000000000000000000e+00 0.000000000000000000e+00 0.000000000000000000e+00 1.001591484539292587e-01 0.000000000000000000e+00 1.225898038627209891e-01 3.062196324079092050e-02 0.000000000000000000e+00 0.000000000000000000e+00 0.000000000000000000e+00 0.000000000000000000e+00 0.000000000000000000e+00 4.240970258209376675e-01 0.000000000000000000e+00 3.225320586216212648e-01
0.000000000000000000e+00 0.000000000000000000e+00 0.000000000000000000e+00 0.000000000000000000e+00 0.000000000000000000e+00 0.000000000000000000e+00 0.000000000000000000e+00 0.000000000000000000e+00 0.000000000000000000e+00 1.003539149788266749e-01 0.000000000000000000e+00 1.229704286709804306e-01 3.055416840312883200e-02 0.000000000000000000e+00 0.000000000000000000e+00 0.000000000000000000e+00 0.000000000000000000e+00 0.000000000000000000e+00 4.231040340239338726e-01 0.000000000000000000e+00 3.230174539231300823e-01
0.000000000000000000e+00 0.000000000000000000e+00 0.000000000000000000e+00 0.000000000000000000e+00 0.000000000000000000e+00 0.000000000000000000e+00 0.000000000000000000e+00 0.000000000000000000e+00 0.000000000000000000e+00 1.005119993112608828e-01 0.000000000000000000e+00 1.233647206479782932e-01 3.047569428911170789e-02 0.000000000000000000e+00 0.000000000000000000e+00 0.000000000000000000e+00 0.000000000000000000e+00 0.000000000000000000e+00 4.221273978843040342e-01 0.000000000000000000e+00 3.235201878673451548e-01
0.000000000000000000e+00 0.000000000000000000e+00 0.000000000000000000e+00 0.000000000000000000e+00 0.000000000000000000e+00 0.000000000000000000e+00 0.000000000000000000e+00 0.000000000000000000e+00 0.000000000000000000e+00 1.006422154787399714e-01 0.000000000000000000e+00 1.237580311636135161e-01 3.038926965698421703e-02 0.000000000000000000e+00 0.000000000000000000e+00 0.000000000000000000e+00 0.000000000000000000e+00 0.000000000000000000e+00 4.211735040982045875e-01 0.000000000000000000e+00 3.240369796024577531e-01
0.000000000000000000e+00 0.000000000000000000e+00 0.000000000000000000e+00 0.000000000000000000e+00 0.000000000000000000e+00 0.000000000000000000e+00 0.000000000000000000e+00 0.000000000000000000e+00 0.000000000000000000e+00 1.007515614590595715e-01 0.000000000000000000e+00 1.241398451260831842e-01 3.029705534652368457e-02 0.000000000000000000e+00 0.000000000000000000e+00 0.000000000000000000e+00 0.000000000000000000e+00 0.000000000000000000e+00 4.202466458478417710e-01 0.000000000000000000e+00 3.245648922204916742e-01
0.000000000000000000e+00 0.000000000000000000e+00 0.000000000000000000e+00 0.000000000000000000e+00 0.000000000000000000e+00 0.000000000000000000e+00 0.000000000000000000e+00 0.000000000000000000e+00 0.000000000000000000e+00 1.008455578058232577e-01 0.000000000000000000e+00 1.245028613421030744e-01 3.020075193937348315e-02 0.000000000000000000e+00 0.000000000000000000e+00 0.000000000000000000e+00 0.000000000000000000e+00 0.000000000000000000e+00 4.193495153866655945e-01 0.000000000000000000e+00 3.251013135260346631e-01
0.000000000000000000e+00 0.000000000000000000e+00 0.000000000000000000e+00 0.000000000000000000e+00 0.000000000000000000e+00 0.000000000000000000e+00 0.000000000000000000e+00 0.000000000000000000e+00 0.000000000000000000e+00 1.009285290241208333e-01 0.000000000000000000e+00 1.248422553097745247e-01 3.010168877650998623e-02 0.000000000000000000e+00 0.000000000000000000e+00 0.000000000000000000e+00 0.000000000000000000e+00 0.000000000000000000e+00 4.184835942117623997e-01 0.000000000000000000e+00 3.256439326778322041e-01
0.000000000000000000e+00 0.000000000000000000e+00 0.000000000000000000e+00 0.000000000000000000e+00 0.000000000000000000e+00 0.000000000000000000e+00 0.000000000000000000e+00 0.000000000000000000e+00 0.000000000000000000e+00 1.010038360096613269e-01 0.000000000000000000e+00 1.251550915622797189e-01 3.000089715027519019e-02 0.000000000000000000e+00 0.000000000000000000e+00 0.000000000000000000e+00 0.000000000000000000e+00 0.000000000000000000e+00 4.176494602383924448e-01 0.000000000000000000e+00 3.261907150393912880e-01
0.000000000000000000e+00 0.000000000000000000e+00 0.000000000000000000e+00 0.000000000000000000e+00 0.000000000000000000e+00 0.000000000000000000e+00 0.000000000000000000e+00 0.000000000000000000e+00 0.000000000000000000e+00 1.010740670464376489e-01 0.000000000000000000e+00 1.254398578312481694e-01 2.989917017805721056e-02 0.000000000000000000e+00 0.000000000000000000e+00 0.000000000000000000e+00 0.000000000000000000e+00 0.000000000000000000e+00 4.168470281429134672e-01 0.000000000000000000e+00 3.267398768013434762e-01
